0.00000000000000000000000000000000000000000000000000000000000000000000000000000000 0.00010000000000000000479217360238592959831294137984514236450195312500000000000000 0.00010000000000000000479217360238592959831294137984514236450195312500000000000000 2.55303076198263445562020024226512759923934936523437500000000000000000000000000000 0.10829494499039574173515632082853699102997779846191406250000000000000000000000000 0.11143373011528726057584037789638387039303779602050781250000000000000000000000000 2.98833149461137859148607276438269764184951782226562500000000000000000000000000000 1.31695686474171425039969562931219115853309631347656250000000000000000000000000000 0.00010000000000000000479217360238592959831294137984514236450195312500000000000000 0.00010000000000000000479217360238592959831294137984514236450195312500000000000000 0.00010000000000000000479217360238592959831294137984514236450195312500000000000000 0.00010000000000000000479217360238592959831294137984514236450195312500000000000000 0.00010000000000000000479217360238592959831294137984514236450195312500000000000000 0.00010000000000000000479217360238592959831294137984514236450195312500000000000000 1.58013765740889722266615535772871226072311401367187500000000000000000000000000000 3.47212011223319905184325762093067169189453125000000000000000000000000000000000000 20.67530248160194261686228855978697538375854492187500000000000000000000000000000000 0.00010000000000000000479217360238592959831294137984514236450195312500000000000000 0.00010000000000000000479217360238592959831294137984514236450195312500000000000000 11.19244861914110700240598816890269517898559570312500000000000000000000000000000000 
0.00010000000000000000479217360238592959831294137984514236450195312500000000000000 0.00000000000000000000000000000000000000000000000000000000000000000000000000000000 0.18652783903669956089288461953401565551757812500000000000000000000000000000000000 0.00010000000000000000479217360238592959831294137984514236450195312500000000000000 1.87774841748553744658067898853914812207221984863281250000000000000000000000000000 23.51909707709873131875610852148383855819702148437500000000000000000000000000000000 0.07494441892200687238556611191597767174243927001953125000000000000000000000000000 14.14916848751783540194537636125460267066955566406250000000000000000000000000000000 8.01169034266062496385529811959713697433471679687500000000000000000000000000000000 3.36564523945932236870248743798583745956420898437500000000000000000000000000000000 1.11384872164982429154633791767992079257965087890625000000000000000000000000000000 54.41864753790999031934916274622082710266113281250000000000000000000000000000000000 12.51356265643921972241514595225453376770019531250000000000000000000000000000000000 0.00010000000000000000479217360238592959831294137984514236450195312500000000000000 0.51757324145806982151896136201685294508934020996093750000000000000000000000000000 4.45107024300401032945728729828260838985443115234375000000000000000000000000000000 1.04504398067229642421693824871908873319625854492187500000000000000000000000000000 5.01227149203563904222846758784726262092590332031250000000000000000000000000000000 0.00010000000000000000479217360238592959831294137984514236450195312500000000000000 0.00010000000000000000479217360238592959831294137984514236450195312500000000000000 
0.00010000000000000000479217360238592959831294137984514236450195312500000000000000 0.18652783903669956089288461953401565551757812500000000000000000000000000000000000 0.00000000000000000000000000000000000000000000000000000000000000000000000000000000 27.81093291238762432726616680156439542770385742187500000000000000000000000000000000 0.00010000000000000000479217360238592959831294137984514236450195312500000000000000 0.00010000000000000000479217360238592959831294137984514236450195312500000000000000 0.00010000000000000000479217360238592959831294137984514236450195312500000000000000 0.09310092188923572986691823416549596004188060760498046875000000000000000000000000 5.66256621814870619857629208127036690711975097656250000000000000000000000000000000 1.17609357252748503164241355989361181855201721191406250000000000000000000000000000 0.03479979777762684522990355162619380280375480651855468750000000000000000000000000 7.75882483947475254382197817903943359851837158203125000000000000000000000000000000 0.60547465232653585598399104128475300967693328857421875000000000000000000000000000 0.00010000000000000000479217360238592959831294137984514236450195312500000000000000 0.00010000000000000000479217360238592959831294137984514236450195312500000000000000 10.14852014865554785671974968863651156425476074218750000000000000000000000000000000 3.80847273576342093548419143189676105976104736328125000000000000000000000000000000 0.00010000000000000000479217360238592959831294137984514236450195312500000000000000 1.01230431293969513895092404709430411458015441894531250000000000000000000000000000 0.00010000000000000000479217360238592959831294137984514236450195312500000000000000 
2.55303076198263445562020024226512759923934936523437500000000000000000000000000000 0.00010000000000000000479217360238592959831294137984514236450195312500000000000000 27.81093291238762432726616680156439542770385742187500000000000000000000000000000000 0.00000000000000000000000000000000000000000000000000000000000000000000000000000000 0.00010000000000000000479217360238592959831294137984514236450195312500000000000000 0.17116297627471011022493030395708046853542327880859375000000000000000000000000000 14.02506201201024360614155739312991499900817871093750000000000000000000000000000000 9.10877654197211050757232442265376448631286621093750000000000000000000000000000000 1.61269868383898185015823401045054197311401367187500000000000000000000000000000000 0.00010000000000000000479217360238592959831294137984514236450195312500000000000000 0.00010000000000000000479217360238592959831294137984514236450195312500000000000000 0.00010000000000000000479217360238592959831294137984514236450195312500000000000000 0.00010000000000000000479217360238592959831294137984514236450195312500000000000000 0.00010000000000000000479217360238592959831294137984514236450195312500000000000000 0.00010000000000000000479217360238592959831294137984514236450195312500000000000000 0.01250096912235562629511775867285905405879020690917968750000000000000000000000000 0.00010000000000000000479217360238592959831294137984514236450195312500000000000000 0.00010000000000000000479217360238592959831294137984514236450195312500000000000000 3.18566159108537005906214290007483214139938354492187500000000000000000000000000000 0.99549029633408425699059307589777745306491851806640625000000000000000000000000000 
0.10829494499039574173515632082853699102997779846191406250000000000000000000000000 1.87774841748553744658067898853914812207221984863281250000000000000000000000000000 0.00010000000000000000479217360238592959831294137984514236450195312500000000000000 0.00010000000000000000479217360238592959831294137984514236450195312500000000000000 0.00000000000000000000000000000000000000000000000000000000000000000000000000000000 0.00010000000000000000479217360238592959831294137984514236450195312500000000000000 0.00010000000000000000479217360238592959831294137984514236450195312500000000000000 1.23311915313826281348497104772832244634628295898437500000000000000000000000000000 0.00010000000000000000479217360238592959831294137984514236450195312500000000000000 0.00010000000000000000479217360238592959831294137984514236450195312500000000000000 0.00010000000000000000479217360238592959831294137984514236450195312500000000000000 0.00010000000000000000479217360238592959831294137984514236450195312500000000000000 0.00010000000000000000479217360238592959831294137984514236450195312500000000000000 2.97701844531915016389689299103338271379470825195312500000000000000000000000000000 0.25697019166815382451574123479076661169528961181640625000000000000000000000000000 1.45824380153893717881885550013976171612739562988281250000000000000000000000000000 0.00010000000000000000479217360238592959831294137984514236450195312500000000000000 3.78318746380983972343869936594273895025253295898437500000000000000000000000000000 3.66055002878588409132021297409664839506149291992187500000000000000000000000000000 0.11642776353082967544239068047318141907453536987304687500000000000000000000000000 
0.11143373011528726057584037789638387039303779602050781250000000000000000000000000 23.51909707709873131875610852148383855819702148437500000000000000000000000000000000 0.00010000000000000000479217360238592959831294137984514236450195312500000000000000 0.17116297627471011022493030395708046853542327880859375000000000000000000000000000 0.00010000000000000000479217360238592959831294137984514236450195312500000000000000 0.00000000000000000000000000000000000000000000000000000000000000000000000000000000 2.36639712603130458745681607979349792003631591796875000000000000000000000000000000 0.00010000000000000000479217360238592959831294137984514236450195312500000000000000 23.48268662510790960595841170288622379302978515625000000000000000000000000000000000 0.00010000000000000000479217360238592959831294137984514236450195312500000000000000 2.47166903591115660887567173631396144628524780273437500000000000000000000000000000 5.19399209525207972149019042262807488441467285156250000000000000000000000000000000 0.00010000000000000000479217360238592959831294137984514236450195312500000000000000 0.00010000000000000000479217360238592959831294137984514236450195312500000000000000 4.20686591783200913852169833262450993061065673828125000000000000000000000000000000 0.00010000000000000000479217360238592959831294137984514236450195312500000000000000 0.25235595203849114920302554310183040797710418701171875000000000000000000000000000 0.00010000000000000000479217360238592959831294137984514236450195312500000000000000 0.00010000000000000000479217360238592959831294137984514236450195312500000000000000 0.00010000000000000000479217360238592959831294137984514236450195312500000000000000 
2.98833149461137859148607276438269764184951782226562500000000000000000000000000000 0.07494441892200687238556611191597767174243927001953125000000000000000000000000000 0.00010000000000000000479217360238592959831294137984514236450195312500000000000000 14.02506201201024360614155739312991499900817871093750000000000000000000000000000000 0.00010000000000000000479217360238592959831294137984514236450195312500000000000000 2.36639712603130458745681607979349792003631591796875000000000000000000000000000000 0.00000000000000000000000000000000000000000000000000000000000000000000000000000000 14.79984722198115854041589045664295554161071777343750000000000000000000000000000000 0.19168381430506711837757904959289589896798133850097656250000000000000000000000000 0.00010000000000000000479217360238592959831294137984514236450195312500000000000000 0.00010000000000000000479217360238592959831294137984514236450195312500000000000000 21.55424391796653793562654755078256130218505859375000000000000000000000000000000000 0.49187845466639951164111721482186112552881240844726562500000000000000000000000000 0.00010000000000000000479217360238592959831294137984514236450195312500000000000000 0.00010000000000000000479217360238592959831294137984514236450195312500000000000000 0.00010000000000000000479217360238592959831294137984514236450195312500000000000000 0.00010000000000000000479217360238592959831294137984514236450195312500000000000000 0.00010000000000000000479217360238592959831294137984514236450195312500000000000000 0.09410709501998784642928796984051587060093879699707031250000000000000000000000000 1.66849962060614087633325652859639376401901245117187500000000000000000000000000000 
1.31695686474171425039969562931219115853309631347656250000000000000000000000000000 14.14916848751783540194537636125460267066955566406250000000000000000000000000000000 0.09310092188923572986691823416549596004188060760498046875000000000000000000000000 9.10877654197211050757232442265376448631286621093750000000000000000000000000000000 1.23311915313826281348497104772832244634628295898437500000000000000000000000000000 0.00010000000000000000479217360238592959831294137984514236450195312500000000000000 14.79984722198115854041589045664295554161071777343750000000000000000000000000000000 0.00000000000000000000000000000000000000000000000000000000000000000000000000000000 0.00010000000000000000479217360238592959831294137984514236450195312500000000000000 0.15092233795829851361602891302027273923158645629882812500000000000000000000000000 0.00010000000000000000479217360238592959831294137984514236450195312500000000000000 0.02277565678666580023525867204625683370977640151977539062500000000000000000000000 0.44032062363321750053657410717278253287076950073242187500000000000000000000000000 0.00010000000000000000479217360238592959831294137984514236450195312500000000000000 0.00010000000000000000479217360238592959831294137984514236450195312500000000000000 3.71484826994013506151759429485537111759185791015625000000000000000000000000000000 0.02457593976776976593678902816009212983772158622741699218750000000000000000000000 2.91159828174494350605527870357036590576171875000000000000000000000000000000000000 0.00010000000000000000479217360238592959831294137984514236450195312500000000000000 1.35252712903053207149639547424158081412315368652343750000000000000000000000000000 
0.00010000000000000000479217360238592959831294137984514236450195312500000000000000 8.01169034266062496385529811959713697433471679687500000000000000000000000000000000 5.66256621814870619857629208127036690711975097656250000000000000000000000000000000 1.61269868383898185015823401045054197311401367187500000000000000000000000000000000 0.00010000000000000000479217360238592959831294137984514236450195312500000000000000 23.48268662510790960595841170288622379302978515625000000000000000000000000000000000 0.19168381430506711837757904959289589896798133850097656250000000000000000000000000 0.00010000000000000000479217360238592959831294137984514236450195312500000000000000 0.00000000000000000000000000000000000000000000000000000000000000000000000000000000 0.00010000000000000000479217360238592959831294137984514236450195312500000000000000 0.64098154027066356341890696057816967368125915527343750000000000000000000000000000 0.00010000000000000000479217360238592959831294137984514236450195312500000000000000 0.00010000000000000000479217360238592959831294137984514236450195312500000000000000 0.00010000000000000000479217360238592959831294137984514236450195312500000000000000 1.77735675664734538159450494276825338602066040039062500000000000000000000000000000 0.09406899662688215923989076827638200484216213226318359375000000000000000000000000 0.23020839302011922300472690494643757119774818420410156250000000000000000000000000 0.00010000000000000000479217360238592959831294137984514236450195312500000000000000 19.80624275208976214912581781391054391860961914062500000000000000000000000000000000 0.11012803332376569498407548053364735096693038940429687500000000000000000000000000 
0.00010000000000000000479217360238592959831294137984514236450195312500000000000000 3.36564523945932236870248743798583745956420898437500000000000000000000000000000000 1.17609357252748503164241355989361181855201721191406250000000000000000000000000000 0.00010000000000000000479217360238592959831294137984514236450195312500000000000000 0.00010000000000000000479217360238592959831294137984514236450195312500000000000000 0.00010000000000000000479217360238592959831294137984514236450195312500000000000000 0.00010000000000000000479217360238592959831294137984514236450195312500000000000000 0.15092233795829851361602891302027273923158645629882812500000000000000000000000000 0.00010000000000000000479217360238592959831294137984514236450195312500000000000000 0.00000000000000000000000000000000000000000000000000000000000000000000000000000000 7.59332147958473857585204314091242849826812744140625000000000000000000000000000000 1.32125181973485350539476712583564221858978271484375000000000000000000000000000000 51.07332345119186101101149688474833965301513671875000000000000000000000000000000000 5.72730193308842672195169143378734588623046875000000000000000000000000000000000000 0.00010000000000000000479217360238592959831294137984514236450195312500000000000000 2.64862195985212034443634365743491798639297485351562500000000000000000000000000000 13.81086890538859890398271090816706418991088867187500000000000000000000000000000000 0.00010000000000000000479217360238592959831294137984514236450195312500000000000000 0.00010000000000000000479217360238592959831294137984514236450195312500000000000000 43.45057208818518290627253009006381034851074218750000000000000000000000000000000000 
0.00010000000000000000479217360238592959831294137984514236450195312500000000000000 1.11384872164982429154633791767992079257965087890625000000000000000000000000000000 0.03479979777762684522990355162619380280375480651855468750000000000000000000000000 0.00010000000000000000479217360238592959831294137984514236450195312500000000000000 0.00010000000000000000479217360238592959831294137984514236450195312500000000000000 2.47166903591115660887567173631396144628524780273437500000000000000000000000000000 0.00010000000000000000479217360238592959831294137984514236450195312500000000000000 0.00010000000000000000479217360238592959831294137984514236450195312500000000000000 0.64098154027066356341890696057816967368125915527343750000000000000000000000000000 7.59332147958473857585204314091242849826812744140625000000000000000000000000000000 0.00000000000000000000000000000000000000000000000000000000000000000000000000000000 0.07714828047274401023880585626102401874959468841552734375000000000000000000000000 23.22854341378312525989713321905583143234252929687500000000000000000000000000000000 9.09971355797834746681473916396498680114746093750000000000000000000000000000000000 3.85603750031608782933290058281272649765014648437500000000000000000000000000000000 1.51842174699243170898910193500341847538948059082031250000000000000000000000000000 0.03265687294859114658818199927736714016646146774291992187500000000000000000000000 0.38174047389541743147134411628940142691135406494140625000000000000000000000000000 0.06374903620512559210276037902076495811343193054199218750000000000000000000000000 2.53018952198877355996842197782825678586959838867187500000000000000000000000000000 
0.00010000000000000000479217360238592959831294137984514236450195312500000000000000 54.41864753790999031934916274622082710266113281250000000000000000000000000000000000 7.75882483947475254382197817903943359851837158203125000000000000000000000000000000 0.00010000000000000000479217360238592959831294137984514236450195312500000000000000 0.00010000000000000000479217360238592959831294137984514236450195312500000000000000 5.19399209525207972149019042262807488441467285156250000000000000000000000000000000 21.55424391796653793562654755078256130218505859375000000000000000000000000000000000 0.02277565678666580023525867204625683370977640151977539062500000000000000000000000 0.00010000000000000000479217360238592959831294137984514236450195312500000000000000 1.32125181973485350539476712583564221858978271484375000000000000000000000000000000 0.07714828047274401023880585626102401874959468841552734375000000000000000000000000 0.00000000000000000000000000000000000000000000000000000000000000000000000000000000 5.69405769742098044616795959882438182830810546875000000000000000000000000000000000 0.11170504908679562694473474948608782142400741577148437500000000000000000000000000 0.00010000000000000000479217360238592959831294137984514236450195312500000000000000 0.00010000000000000000479217360238592959831294137984514236450195312500000000000000 4.03209170468756283867151068989187479019165039062500000000000000000000000000000000 0.00010000000000000000479217360238592959831294137984514236450195312500000000000000 0.00010000000000000000479217360238592959831294137984514236450195312500000000000000 0.00010000000000000000479217360238592959831294137984514236450195312500000000000000 
0.00010000000000000000479217360238592959831294137984514236450195312500000000000000 12.51356265643921972241514595225453376770019531250000000000000000000000000000000000 0.60547465232653585598399104128475300967693328857421875000000000000000000000000000 0.00010000000000000000479217360238592959831294137984514236450195312500000000000000 0.00010000000000000000479217360238592959831294137984514236450195312500000000000000 0.00010000000000000000479217360238592959831294137984514236450195312500000000000000 0.49187845466639951164111721482186112552881240844726562500000000000000000000000000 0.44032062363321750053657410717278253287076950073242187500000000000000000000000000 0.00010000000000000000479217360238592959831294137984514236450195312500000000000000 51.07332345119186101101149688474833965301513671875000000000000000000000000000000000 23.22854341378312525989713321905583143234252929687500000000000000000000000000000000 5.69405769742098044616795959882438182830810546875000000000000000000000000000000000 0.00000000000000000000000000000000000000000000000000000000000000000000000000000000 0.00010000000000000000479217360238592959831294137984514236450195312500000000000000 0.00010000000000000000479217360238592959831294137984514236450195312500000000000000 0.00010000000000000000479217360238592959831294137984514236450195312500000000000000 9.11137704076328347468916035722941160202026367187500000000000000000000000000000000 0.00010000000000000000479217360238592959831294137984514236450195312500000000000000 0.00010000000000000000479217360238592959831294137984514236450195312500000000000000 11.72084136635305462448286561993882060050964355468750000000000000000000000000000000 
0.00010000000000000000479217360238592959831294137984514236450195312500000000000000 0.00010000000000000000479217360238592959831294137984514236450195312500000000000000 0.00010000000000000000479217360238592959831294137984514236450195312500000000000000 0.00010000000000000000479217360238592959831294137984514236450195312500000000000000 2.97701844531915016389689299103338271379470825195312500000000000000000000000000000 0.00010000000000000000479217360238592959831294137984514236450195312500000000000000 0.00010000000000000000479217360238592959831294137984514236450195312500000000000000 0.00010000000000000000479217360238592959831294137984514236450195312500000000000000 0.00010000000000000000479217360238592959831294137984514236450195312500000000000000 5.72730193308842672195169143378734588623046875000000000000000000000000000000000000 9.09971355797834746681473916396498680114746093750000000000000000000000000000000000 0.11170504908679562694473474948608782142400741577148437500000000000000000000000000 0.00010000000000000000479217360238592959831294137984514236450195312500000000000000 0.00000000000000000000000000000000000000000000000000000000000000000000000000000000 0.00010000000000000000479217360238592959831294137984514236450195312500000000000000 4.93179358735439787864152094698511064052581787109375000000000000000000000000000000 0.00010000000000000000479217360238592959831294137984514236450195312500000000000000 0.00010000000000000000479217360238592959831294137984514236450195312500000000000000 8.07280357966646455736281495774164795875549316406250000000000000000000000000000000 2.84252105514201236502458414179272949695587158203125000000000000000000000000000000 
1.58013765740889722266615535772871226072311401367187500000000000000000000000000000 0.51757324145806982151896136201685294508934020996093750000000000000000000000000000 0.00010000000000000000479217360238592959831294137984514236450195312500000000000000 0.00010000000000000000479217360238592959831294137984514236450195312500000000000000 0.25697019166815382451574123479076661169528961181640625000000000000000000000000000 4.20686591783200913852169833262450993061065673828125000000000000000000000000000000 0.00010000000000000000479217360238592959831294137984514236450195312500000000000000 0.00010000000000000000479217360238592959831294137984514236450195312500000000000000 1.77735675664734538159450494276825338602066040039062500000000000000000000000000000 0.00010000000000000000479217360238592959831294137984514236450195312500000000000000 3.85603750031608782933290058281272649765014648437500000000000000000000000000000000 0.00010000000000000000479217360238592959831294137984514236450195312500000000000000 0.00010000000000000000479217360238592959831294137984514236450195312500000000000000 0.00010000000000000000479217360238592959831294137984514236450195312500000000000000 0.00000000000000000000000000000000000000000000000000000000000000000000000000000000 19.92839406281346015248345793224871158599853515625000000000000000000000000000000000 4.71637128436928954045015416340902447700500488281250000000000000000000000000000000 0.45226501600627422305933578172698616981506347656250000000000000000000000000000000 0.00010000000000000000479217360238592959831294137984514236450195312500000000000000 0.09576302882317745679419118687292211689054965972900390625000000000000000000000000 
3.47212011223319905184325762093067169189453125000000000000000000000000000000000000 4.45107024300401032945728729828260838985443115234375000000000000000000000000000000 10.14852014865554785671974968863651156425476074218750000000000000000000000000000000 0.01250096912235562629511775867285905405879020690917968750000000000000000000000000 1.45824380153893717881885550013976171612739562988281250000000000000000000000000000 0.00010000000000000000479217360238592959831294137984514236450195312500000000000000 0.00010000000000000000479217360238592959831294137984514236450195312500000000000000 3.71484826994013506151759429485537111759185791015625000000000000000000000000000000 0.09406899662688215923989076827638200484216213226318359375000000000000000000000000 2.64862195985212034443634365743491798639297485351562500000000000000000000000000000 1.51842174699243170898910193500341847538948059082031250000000000000000000000000000 0.00010000000000000000479217360238592959831294137984514236450195312500000000000000 0.00010000000000000000479217360238592959831294137984514236450195312500000000000000 4.93179358735439787864152094698511064052581787109375000000000000000000000000000000 19.92839406281346015248345793224871158599853515625000000000000000000000000000000000 0.00000000000000000000000000000000000000000000000000000000000000000000000000000000 4.15229744101694553393144815345294773578643798828125000000000000000000000000000000 0.00010000000000000000479217360238592959831294137984514236450195312500000000000000 1.53469960415757111782397714705439284443855285644531250000000000000000000000000000 0.00750954595087032286682138249034323962405323982238769531250000000000000000000000 
20.67530248160194261686228855978697538375854492187500000000000000000000000000000000 1.04504398067229642421693824871908873319625854492187500000000000000000000000000000 3.80847273576342093548419143189676105976104736328125000000000000000000000000000000 0.00010000000000000000479217360238592959831294137984514236450195312500000000000000 0.00010000000000000000479217360238592959831294137984514236450195312500000000000000 0.25235595203849114920302554310183040797710418701171875000000000000000000000000000 0.00010000000000000000479217360238592959831294137984514236450195312500000000000000 0.02457593976776976593678902816009212983772158622741699218750000000000000000000000 0.23020839302011922300472690494643757119774818420410156250000000000000000000000000 13.81086890538859890398271090816706418991088867187500000000000000000000000000000000 0.03265687294859114658818199927736714016646146774291992187500000000000000000000000 4.03209170468756283867151068989187479019165039062500000000000000000000000000000000 9.11137704076328347468916035722941160202026367187500000000000000000000000000000000 0.00010000000000000000479217360238592959831294137984514236450195312500000000000000 4.71637128436928954045015416340902447700500488281250000000000000000000000000000000 4.15229744101694553393144815345294773578643798828125000000000000000000000000000000 0.00000000000000000000000000000000000000000000000000000000000000000000000000000000 0.20493688185053865469242850849695969372987747192382812500000000000000000000000000 0.13937150127636629970417914137215120717883110046386718750000000000000000000000000 0.08922107482998482830272024557416443713009357452392578125000000000000000000000000 
0.00010000000000000000479217360238592959831294137984514236450195312500000000000000 5.01227149203563904222846758784726262092590332031250000000000000000000000000000000 0.00010000000000000000479217360238592959831294137984514236450195312500000000000000 0.00010000000000000000479217360238592959831294137984514236450195312500000000000000 3.78318746380983972343869936594273895025253295898437500000000000000000000000000000 0.00010000000000000000479217360238592959831294137984514236450195312500000000000000 0.00010000000000000000479217360238592959831294137984514236450195312500000000000000 2.91159828174494350605527870357036590576171875000000000000000000000000000000000000 0.00010000000000000000479217360238592959831294137984514236450195312500000000000000 0.00010000000000000000479217360238592959831294137984514236450195312500000000000000 0.38174047389541743147134411628940142691135406494140625000000000000000000000000000 0.00010000000000000000479217360238592959831294137984514236450195312500000000000000 0.00010000000000000000479217360238592959831294137984514236450195312500000000000000 0.00010000000000000000479217360238592959831294137984514236450195312500000000000000 0.45226501600627422305933578172698616981506347656250000000000000000000000000000000 0.00010000000000000000479217360238592959831294137984514236450195312500000000000000 0.20493688185053865469242850849695969372987747192382812500000000000000000000000000 0.00000000000000000000000000000000000000000000000000000000000000000000000000000000 0.31821027106123039862595192062144633382558822631835937500000000000000000000000000 0.00010000000000000000479217360238592959831294137984514236450195312500000000000000 
0.00010000000000000000479217360238592959831294137984514236450195312500000000000000 0.00010000000000000000479217360238592959831294137984514236450195312500000000000000 1.01230431293969513895092404709430411458015441894531250000000000000000000000000000 3.18566159108537005906214290007483214139938354492187500000000000000000000000000000 3.66055002878588409132021297409664839506149291992187500000000000000000000000000000 0.00010000000000000000479217360238592959831294137984514236450195312500000000000000 0.09410709501998784642928796984051587060093879699707031250000000000000000000000000 0.00010000000000000000479217360238592959831294137984514236450195312500000000000000 19.80624275208976214912581781391054391860961914062500000000000000000000000000000000 0.00010000000000000000479217360238592959831294137984514236450195312500000000000000 0.06374903620512559210276037902076495811343193054199218750000000000000000000000000 0.00010000000000000000479217360238592959831294137984514236450195312500000000000000 0.00010000000000000000479217360238592959831294137984514236450195312500000000000000 8.07280357966646455736281495774164795875549316406250000000000000000000000000000000 0.00010000000000000000479217360238592959831294137984514236450195312500000000000000 1.53469960415757111782397714705439284443855285644531250000000000000000000000000000 0.13937150127636629970417914137215120717883110046386718750000000000000000000000000 0.31821027106123039862595192062144633382558822631835937500000000000000000000000000 0.00000000000000000000000000000000000000000000000000000000000000000000000000000000 1.00000000000000000000000000000000000000000000000000000000000000000000000000000000 
11.19244861914110700240598816890269517898559570312500000000000000000000000000000000 0.00010000000000000000479217360238592959831294137984514236450195312500000000000000 0.00010000000000000000479217360238592959831294137984514236450195312500000000000000 0.99549029633408425699059307589777745306491851806640625000000000000000000000000000 0.11642776353082967544239068047318141907453536987304687500000000000000000000000000 0.00010000000000000000479217360238592959831294137984514236450195312500000000000000 1.66849962060614087633325652859639376401901245117187500000000000000000000000000000 1.35252712903053207149639547424158081412315368652343750000000000000000000000000000 0.11012803332376569498407548053364735096693038940429687500000000000000000000000000 43.45057208818518290627253009006381034851074218750000000000000000000000000000000000 2.53018952198877355996842197782825678586959838867187500000000000000000000000000000 0.00010000000000000000479217360238592959831294137984514236450195312500000000000000 11.72084136635305462448286561993882060050964355468750000000000000000000000000000000 2.84252105514201236502458414179272949695587158203125000000000000000000000000000000 0.09576302882317745679419118687292211689054965972900390625000000000000000000000000 0.00750954595087032286682138249034323962405323982238769531250000000000000000000000 0.08922107482998482830272024557416443713009357452392578125000000000000000000000000 0.00010000000000000000479217360238592959831294137984514236450195312500000000000000 1.00000000000000000000000000000000000000000000000000000000000000000000000000000000 0.00000000000000000000000000000000000000000000000000000000000000000000000000000000 
0.05862051654224603725040765311860013753175735473632812500000000000000000000000000 0.03227244062864410151236782553496595937758684158325195312500000000000000000000000 0.07532746284115850177176554325342294760048389434814453125000000000000000000000000 0.04516573953052503004323980917433800641447305679321289062500000000000000000000000 0.02651145503419071250417182739056443097069859504699707031250000000000000000000000 0.02722045876504761499625750786890421295538544654846191406250000000000000000000000 0.06055200124009595119556337294852710328996181488037109375000000000000000000000000 0.07092283221008352511738337398128351196646690368652343750000000000000000000000000 0.02647182128526082492414595037644176045432686805725097656250000000000000000000000 0.06299916504902254577036302407577750273048877716064453125000000000000000000000000 0.08119589993271070227365271421149373054504394531250000000000000000000000000000000 0.07470609373293546351391114512807689607143402099609375000000000000000000000000000 0.01259208241001377563683671922944995458237826824188232421875000000000000000000000 0.03360017121779537707659812895144568756222724914550781250000000000000000000000000 0.03393705808369942844571198747871676459908485412597656250000000000000000000000000 0.07833522400994893941650332180870464071631431579589843750000000000000000000000000 0.06884690451613358075366733146438491530716419219970703125000000000000000000000000 0.01767400977280173673955587787531840149313211441040039062500000000000000000000000 0.04769261121229950023403532100019219797104597091674804687500000000000000000000000 0.06535605198538659010853990594114293344318866729736328125000000000000000000000000 
