0.00000000000000000000000000000000000000000000000000000000000000000000000000000000 0.00010000000000000000479217360238592959831294137984514236450195312500000000000000 0.00010000000000000000479217360238592959831294137984514236450195312500000000000000 2.73019106148373458253786338900681585073471069335937500000000000000000000000000000 0.09992754896312168455541069533865083940327167510986328125000000000000000000000000 0.10364135909194294171697947604116052389144897460937500000000000000000000000000000 3.20222072781409439201638633676338940858840942382812500000000000000000000000000000 1.58506922391320181908724862296367064118385314941406250000000000000000000000000000 0.00010000000000000000479217360238592959831294137984514236450195312500000000000000 0.00010000000000000000479217360238592959831294137984514236450195312500000000000000 0.00010000000000000000479217360238592959831294137984514236450195312500000000000000 0.00010000000000000000479217360238592959831294137984514236450195312500000000000000 0.00010000000000000000479217360238592959831294137984514236450195312500000000000000 0.00010000000000000000479217360238592959831294137984514236450195312500000000000000 2.43801363960175132561403188447002321481704711914062500000000000000000000000000000 3.26372566458543378331569329020567238330841064453125000000000000000000000000000000 19.89834754813311334942227404098957777023315429687500000000000000000000000000000000 0.00010000000000000000479217360238592959831294137984514236450195312500000000000000 0.00010000000000000000479217360238592959831294137984514236450195312500000000000000 10.92736488006676331963262782664969563484191894531250000000000000000000000000000000 
0.00010000000000000000479217360238592959831294137984514236450195312500000000000000 0.00000000000000000000000000000000000000000000000000000000000000000000000000000000 0.29128976106043741323148310584656428545713424682617187500000000000000000000000000 0.00010000000000000000479217360238592959831294137984514236450195312500000000000000 1.76693946076874230932673981442349031567573547363281250000000000000000000000000000 23.73914262960247256728507636580616235733032226562500000000000000000000000000000000 0.10566616543855328336221077734080608934164047241210937500000000000000000000000000 13.26245011302404641639895999105647206306457519531250000000000000000000000000000000 6.94047561387130240717624474200420081615447998046875000000000000000000000000000000 3.54335195196105656734175681776832789182662963867187500000000000000000000000000000 1.10046264918860758896812512830365449190139770507812500000000000000000000000000000 55.67899031430366818540278472937643527984619140625000000000000000000000000000000000 14.28198097970109614607281400822103023529052734375000000000000000000000000000000000 0.00010000000000000000479217360238592959831294137984514236450195312500000000000000 0.52372517575137067513679767216672189533710479736328125000000000000000000000000000 4.55283225931528612306919967522844672203063964843750000000000000000000000000000000 0.89849296665822597773853885882999747991561889648437500000000000000000000000000000 5.06385158485835962238752472330816090106964111328125000000000000000000000000000000 0.00010000000000000000479217360238592959831294137984514236450195312500000000000000 0.00010000000000000000479217360238592959831294137984514236450195312500000000000000 
0.00010000000000000000479217360238592959831294137984514236450195312500000000000000 0.29128976106043741323148310584656428545713424682617187500000000000000000000000000 0.00000000000000000000000000000000000000000000000000000000000000000000000000000000 26.86817399810460571529802109580487012863159179687500000000000000000000000000000000 0.00010000000000000000479217360238592959831294137984514236450195312500000000000000 0.00010000000000000000479217360238592959831294137984514236450195312500000000000000 0.00010000000000000000479217360238592959831294137984514236450195312500000000000000 0.13413307492696446843183366581797599792480468750000000000000000000000000000000000 5.50751074800008399989792451378889381885528564453125000000000000000000000000000000 1.32634236964291107874203134997515007853507995605468750000000000000000000000000000 0.03498215089371295438702702540467726066708564758300781250000000000000000000000000 8.10123211564771494863634870853275060653686523437500000000000000000000000000000000 0.58242796778100514032416867848951369524002075195312500000000000000000000000000000 0.00010000000000000000479217360238592959831294137984514236450195312500000000000000 0.00010000000000000000479217360238592959831294137984514236450195312500000000000000 9.62881923449751653265593631658703088760375976562500000000000000000000000000000000 4.18040683705923310498064893181435763835906982421875000000000000000000000000000000 0.00010000000000000000479217360238592959831294137984514236450195312500000000000000 0.91407226015966680510160813355469144880771636962890625000000000000000000000000000 0.03551915619578215055351932960547856055200099945068359375000000000000000000000000 
2.73019106148373458253786338900681585073471069335937500000000000000000000000000000 0.00010000000000000000479217360238592959831294137984514236450195312500000000000000 26.86817399810460571529802109580487012863159179687500000000000000000000000000000000 0.00000000000000000000000000000000000000000000000000000000000000000000000000000000 0.00010000000000000000479217360238592959831294137984514236450195312500000000000000 0.15963359677014046789089718458853894844651222229003906250000000000000000000000000 14.10199291265404397677230008412152528762817382812500000000000000000000000000000000 8.30058118981885506570961297256872057914733886718750000000000000000000000000000000 1.72424023209884569318717240093974396586418151855468750000000000000000000000000000 0.00010000000000000000479217360238592959831294137984514236450195312500000000000000 0.00010000000000000000479217360238592959831294137984514236450195312500000000000000 0.00010000000000000000479217360238592959831294137984514236450195312500000000000000 0.00010000000000000000479217360238592959831294137984514236450195312500000000000000 0.00010000000000000000479217360238592959831294137984514236450195312500000000000000 0.00010000000000000000479217360238592959831294137984514236450195312500000000000000 0.05867030201135180894622678238192747812718152999877929687500000000000000000000000 0.00010000000000000000479217360238592959831294137984514236450195312500000000000000 0.00010000000000000000479217360238592959831294137984514236450195312500000000000000 3.02357343674462342164588335435837507247924804687500000000000000000000000000000000 0.94767792705025832855625367301399819552898406982421875000000000000000000000000000 
0.09992754896312168455541069533865083940327167510986328125000000000000000000000000 1.76693946076874230932673981442349031567573547363281250000000000000000000000000000 0.00010000000000000000479217360238592959831294137984514236450195312500000000000000 0.00010000000000000000479217360238592959831294137984514236450195312500000000000000 0.00000000000000000000000000000000000000000000000000000000000000000000000000000000 0.00010000000000000000479217360238592959831294137984514236450195312500000000000000 0.00010000000000000000479217360238592959831294137984514236450195312500000000000000 1.09292148805462496774509872921044006943702697753906250000000000000000000000000000 0.00010000000000000000479217360238592959831294137984514236450195312500000000000000 0.00010000000000000000479217360238592959831294137984514236450195312500000000000000 0.00010000000000000000479217360238592959831294137984514236450195312500000000000000 0.00010000000000000000479217360238592959831294137984514236450195312500000000000000 0.83439781577596694450704717382905073463916778564453125000000000000000000000000000 2.98559208805030751321396564890164881944656372070312500000000000000000000000000000 0.24240708088829407418351991054805694147944450378417968750000000000000000000000000 1.60935650087801818131083564367145299911499023437500000000000000000000000000000000 0.00010000000000000000479217360238592959831294137984514236450195312500000000000000 4.09537625862002130361361196264624595642089843750000000000000000000000000000000000 3.24362531924182873055428899533580988645553588867187500000000000000000000000000000 0.10831721318278171584115199266307172365486621856689453125000000000000000000000000 
0.10364135909194294171697947604116052389144897460937500000000000000000000000000000 23.73914262960247256728507636580616235733032226562500000000000000000000000000000000 0.00010000000000000000479217360238592959831294137984514236450195312500000000000000 0.15963359677014046789089718458853894844651222229003906250000000000000000000000000 0.00010000000000000000479217360238592959831294137984514236450195312500000000000000 0.00000000000000000000000000000000000000000000000000000000000000000000000000000000 2.29698122671190407828589741257019340991973876953125000000000000000000000000000000 0.00010000000000000000479217360238592959831294137984514236450195312500000000000000 22.84671176138400383592852449510246515274047851562500000000000000000000000000000000 0.00010000000000000000479217360238592959831294137984514236450195312500000000000000 2.42476651533351761358403564372565597295761108398437500000000000000000000000000000 5.63171284475876721131726299063302576541900634765625000000000000000000000000000000 0.00010000000000000000479217360238592959831294137984514236450195312500000000000000 0.00010000000000000000479217360238592959831294137984514236450195312500000000000000 4.39323357215399745712147705489769577980041503906250000000000000000000000000000000 0.00010000000000000000479217360238592959831294137984514236450195312500000000000000 0.23526466568476281371324887459195451810956001281738281250000000000000000000000000 0.00010000000000000000479217360238592959831294137984514236450195312500000000000000 0.00010000000000000000479217360238592959831294137984514236450195312500000000000000 0.00010000000000000000479217360238592959831294137984514236450195312500000000000000 
3.20222072781409439201638633676338940858840942382812500000000000000000000000000000 0.10566616543855328336221077734080608934164047241210937500000000000000000000000000 0.00010000000000000000479217360238592959831294137984514236450195312500000000000000 14.10199291265404397677230008412152528762817382812500000000000000000000000000000000 0.00010000000000000000479217360238592959831294137984514236450195312500000000000000 2.29698122671190407828589741257019340991973876953125000000000000000000000000000000 0.00000000000000000000000000000000000000000000000000000000000000000000000000000000 13.95588567332032425838406197726726531982421875000000000000000000000000000000000000 0.17411331133956864380962770155747421085834503173828125000000000000000000000000000 0.00010000000000000000479217360238592959831294137984514236450195312500000000000000 0.00010000000000000000479217360238592959831294137984514236450195312500000000000000 23.06224545352608856774168089032173156738281250000000000000000000000000000000000000 0.47726346361148885844016831470071338117122650146484375000000000000000000000000000 0.00010000000000000000479217360238592959831294137984514236450195312500000000000000 0.00010000000000000000479217360238592959831294137984514236450195312500000000000000 0.00010000000000000000479217360238592959831294137984514236450195312500000000000000 0.00010000000000000000479217360238592959831294137984514236450195312500000000000000 0.00010000000000000000479217360238592959831294137984514236450195312500000000000000 0.08736653010135184138640340734127676114439964294433593750000000000000000000000000 1.71705686003204971434854542167158797383308410644531250000000000000000000000000000 
1.58506922391320181908724862296367064118385314941406250000000000000000000000000000 13.26245011302404641639895999105647206306457519531250000000000000000000000000000000 0.13413307492696446843183366581797599792480468750000000000000000000000000000000000 8.30058118981885506570961297256872057914733886718750000000000000000000000000000000 1.09292148805462496774509872921044006943702697753906250000000000000000000000000000 0.00010000000000000000479217360238592959831294137984514236450195312500000000000000 13.95588567332032425838406197726726531982421875000000000000000000000000000000000000 0.00000000000000000000000000000000000000000000000000000000000000000000000000000000 0.00010000000000000000479217360238592959831294137984514236450195312500000000000000 0.13345502381816093384614418937417212873697280883789062500000000000000000000000000 0.00010000000000000000479217360238592959831294137984514236450195312500000000000000 0.01960228119870359442256102511237259022891521453857421875000000000000000000000000 0.38971792553440609552239948243368417024612426757812500000000000000000000000000000 0.00010000000000000000479217360238592959831294137984514236450195312500000000000000 0.00010000000000000000479217360238592959831294137984514236450195312500000000000000 3.37772630532994710961247619707137346267700195312500000000000000000000000000000000 0.00010000000000000000479217360238592959831294137984514236450195312500000000000000 2.93667252923195221114838204812258481979370117187500000000000000000000000000000000 0.04077029056079003316304110171586216893047094345092773437500000000000000000000000 1.43335928942505264060969238926190882921218872070312500000000000000000000000000000 
0.00010000000000000000479217360238592959831294137984514236450195312500000000000000 6.94047561387130240717624474200420081615447998046875000000000000000000000000000000 5.50751074800008399989792451378889381885528564453125000000000000000000000000000000 1.72424023209884569318717240093974396586418151855468750000000000000000000000000000 0.00010000000000000000479217360238592959831294137984514236450195312500000000000000 22.84671176138400383592852449510246515274047851562500000000000000000000000000000000 0.17411331133956864380962770155747421085834503173828125000000000000000000000000000 0.00010000000000000000479217360238592959831294137984514236450195312500000000000000 0.00000000000000000000000000000000000000000000000000000000000000000000000000000000 0.00010000000000000000479217360238592959831294137984514236450195312500000000000000 0.90214002823207795067617098538903519511222839355468750000000000000000000000000000 0.00010000000000000000479217360238592959831294137984514236450195312500000000000000 0.00010000000000000000479217360238592959831294137984514236450195312500000000000000 0.00010000000000000000479217360238592959831294137984514236450195312500000000000000 2.44532489673507802407925737497862428426742553710937500000000000000000000000000000 0.09254481058807448312641952270496403798460960388183593750000000000000000000000000 0.21444328381275545858386522013461217284202575683593750000000000000000000000000000 0.00010000000000000000479217360238592959831294137984514236450195312500000000000000 18.16227217153322470721832360140979290008544921875000000000000000000000000000000000 0.10323807335962026376918743153510149568319320678710937500000000000000000000000000 
0.00010000000000000000479217360238592959831294137984514236450195312500000000000000 3.54335195196105656734175681776832789182662963867187500000000000000000000000000000 1.32634236964291107874203134997515007853507995605468750000000000000000000000000000 0.00010000000000000000479217360238592959831294137984514236450195312500000000000000 0.00010000000000000000479217360238592959831294137984514236450195312500000000000000 0.00010000000000000000479217360238592959831294137984514236450195312500000000000000 0.00010000000000000000479217360238592959831294137984514236450195312500000000000000 0.13345502381816093384614418937417212873697280883789062500000000000000000000000000 0.00010000000000000000479217360238592959831294137984514236450195312500000000000000 0.00000000000000000000000000000000000000000000000000000000000000000000000000000000 7.28269716266609012933486155816353857517242431640625000000000000000000000000000000 1.15700493703727125271996101218974217772483825683593750000000000000000000000000000 50.49349428563175479212077334523200988769531250000000000000000000000000000000000000 5.89100079551896538276878345641307532787322998046875000000000000000000000000000000 0.00010000000000000000479217360238592959831294137984514236450195312500000000000000 2.46433420892813437319546210346743464469909667968750000000000000000000000000000000 13.49778603336428517422973527573049068450927734375000000000000000000000000000000000 0.00010000000000000000479217360238592959831294137984514236450195312500000000000000 0.00010000000000000000479217360238592959831294137984514236450195312500000000000000 42.31199454852089303358297911472618579864501953125000000000000000000000000000000000 
0.00010000000000000000479217360238592959831294137984514236450195312500000000000000 1.10046264918860758896812512830365449190139770507812500000000000000000000000000000 0.03498215089371295438702702540467726066708564758300781250000000000000000000000000 0.00010000000000000000479217360238592959831294137984514236450195312500000000000000 0.00010000000000000000479217360238592959831294137984514236450195312500000000000000 2.42476651533351761358403564372565597295761108398437500000000000000000000000000000 0.00010000000000000000479217360238592959831294137984514236450195312500000000000000 0.00010000000000000000479217360238592959831294137984514236450195312500000000000000 0.90214002823207795067617098538903519511222839355468750000000000000000000000000000 7.28269716266609012933486155816353857517242431640625000000000000000000000000000000 0.00000000000000000000000000000000000000000000000000000000000000000000000000000000 0.07586114318441664061687390585575485602021217346191406250000000000000000000000000 20.53334940227407301449602528009563684463500976562500000000000000000000000000000000 9.51345919711262055784573021810501813888549804687500000000000000000000000000000000 3.99868314389754830884271541435737162828445434570312500000000000000000000000000000 1.46652240645910780791894012509146705269813537597656250000000000000000000000000000 0.03186116761871082142532074499285954516381025314331054687500000000000000000000000 0.56320138332676494830053570694872178137302398681640625000000000000000000000000000 0.05797458151156352490485090811489499174058437347412109375000000000000000000000000 2.68177557494123419701281818561255931854248046875000000000000000000000000000000000 
0.00010000000000000000479217360238592959831294137984514236450195312500000000000000 55.67899031430366818540278472937643527984619140625000000000000000000000000000000000 8.10123211564771494863634870853275060653686523437500000000000000000000000000000000 0.00010000000000000000479217360238592959831294137984514236450195312500000000000000 0.00010000000000000000479217360238592959831294137984514236450195312500000000000000 5.63171284475876721131726299063302576541900634765625000000000000000000000000000000 23.06224545352608856774168089032173156738281250000000000000000000000000000000000000 0.01960228119870359442256102511237259022891521453857421875000000000000000000000000 0.00010000000000000000479217360238592959831294137984514236450195312500000000000000 1.15700493703727125271996101218974217772483825683593750000000000000000000000000000 0.07586114318441664061687390585575485602021217346191406250000000000000000000000000 0.00000000000000000000000000000000000000000000000000000000000000000000000000000000 5.51800478796947935222760861506685614585876464843750000000000000000000000000000000 0.10670802014922861622459038244414841756224632263183593750000000000000000000000000 0.00010000000000000000479217360238592959831294137984514236450195312500000000000000 0.00010000000000000000479217360238592959831294137984514236450195312500000000000000 3.95718184091087410436671234492678195238113403320312500000000000000000000000000000 0.00010000000000000000479217360238592959831294137984514236450195312500000000000000 0.00010000000000000000479217360238592959831294137984514236450195312500000000000000 0.00010000000000000000479217360238592959831294137984514236450195312500000000000000 
0.00010000000000000000479217360238592959831294137984514236450195312500000000000000 14.28198097970109614607281400822103023529052734375000000000000000000000000000000000 0.58242796778100514032416867848951369524002075195312500000000000000000000000000000 0.00010000000000000000479217360238592959831294137984514236450195312500000000000000 0.83439781577596694450704717382905073463916778564453125000000000000000000000000000 0.00010000000000000000479217360238592959831294137984514236450195312500000000000000 0.47726346361148885844016831470071338117122650146484375000000000000000000000000000 0.38971792553440609552239948243368417024612426757812500000000000000000000000000000 0.00010000000000000000479217360238592959831294137984514236450195312500000000000000 50.49349428563175479212077334523200988769531250000000000000000000000000000000000000 20.53334940227407301449602528009563684463500976562500000000000000000000000000000000 5.51800478796947935222760861506685614585876464843750000000000000000000000000000000 0.00000000000000000000000000000000000000000000000000000000000000000000000000000000 0.00010000000000000000479217360238592959831294137984514236450195312500000000000000 0.00010000000000000000479217360238592959831294137984514236450195312500000000000000 0.00010000000000000000479217360238592959831294137984514236450195312500000000000000 8.64758671789622468395464238710701465606689453125000000000000000000000000000000000 0.00010000000000000000479217360238592959831294137984514236450195312500000000000000 0.00010000000000000000479217360238592959831294137984514236450195312500000000000000 12.26707416084279067547413433203473687171936035156250000000000000000000000000000000 
0.00010000000000000000479217360238592959831294137984514236450195312500000000000000 0.00010000000000000000479217360238592959831294137984514236450195312500000000000000 0.00010000000000000000479217360238592959831294137984514236450195312500000000000000 0.00010000000000000000479217360238592959831294137984514236450195312500000000000000 2.98559208805030751321396564890164881944656372070312500000000000000000000000000000 0.00010000000000000000479217360238592959831294137984514236450195312500000000000000 0.00010000000000000000479217360238592959831294137984514236450195312500000000000000 0.00010000000000000000479217360238592959831294137984514236450195312500000000000000 0.00010000000000000000479217360238592959831294137984514236450195312500000000000000 5.89100079551896538276878345641307532787322998046875000000000000000000000000000000 9.51345919711262055784573021810501813888549804687500000000000000000000000000000000 0.10670802014922861622459038244414841756224632263183593750000000000000000000000000 0.00010000000000000000479217360238592959831294137984514236450195312500000000000000 0.00000000000000000000000000000000000000000000000000000000000000000000000000000000 0.00010000000000000000479217360238592959831294137984514236450195312500000000000000 5.16947935079291376325727469520643353462219238281250000000000000000000000000000000 0.00010000000000000000479217360238592959831294137984514236450195312500000000000000 0.00010000000000000000479217360238592959831294137984514236450195312500000000000000 7.68553818099654062478975902195088565349578857421875000000000000000000000000000000 2.83653862837697090526489773765206336975097656250000000000000000000000000000000000 
2.43801363960175132561403188447002321481704711914062500000000000000000000000000000 0.52372517575137067513679767216672189533710479736328125000000000000000000000000000 0.00010000000000000000479217360238592959831294137984514236450195312500000000000000 0.00010000000000000000479217360238592959831294137984514236450195312500000000000000 0.24240708088829407418351991054805694147944450378417968750000000000000000000000000 4.39323357215399745712147705489769577980041503906250000000000000000000000000000000 0.00010000000000000000479217360238592959831294137984514236450195312500000000000000 0.00010000000000000000479217360238592959831294137984514236450195312500000000000000 2.44532489673507802407925737497862428426742553710937500000000000000000000000000000 0.00010000000000000000479217360238592959831294137984514236450195312500000000000000 3.99868314389754830884271541435737162828445434570312500000000000000000000000000000 0.00010000000000000000479217360238592959831294137984514236450195312500000000000000 0.00010000000000000000479217360238592959831294137984514236450195312500000000000000 0.00010000000000000000479217360238592959831294137984514236450195312500000000000000 0.00000000000000000000000000000000000000000000000000000000000000000000000000000000 19.46134734078983186122968618292361497879028320312500000000000000000000000000000000 6.66957761529968262692591451923362910747528076171875000000000000000000000000000000 0.45647015355741027420322097896132618188858032226562500000000000000000000000000000 0.00010000000000000000479217360238592959831294137984514236450195312500000000000000 0.09299108597039322521293769341355073265731334686279296875000000000000000000000000 
3.26372566458543378331569329020567238330841064453125000000000000000000000000000000 4.55283225931528612306919967522844672203063964843750000000000000000000000000000000 9.62881923449751653265593631658703088760375976562500000000000000000000000000000000 0.05867030201135180894622678238192747812718152999877929687500000000000000000000000 1.60935650087801818131083564367145299911499023437500000000000000000000000000000000 0.00010000000000000000479217360238592959831294137984514236450195312500000000000000 0.00010000000000000000479217360238592959831294137984514236450195312500000000000000 3.37772630532994710961247619707137346267700195312500000000000000000000000000000000 0.09254481058807448312641952270496403798460960388183593750000000000000000000000000 2.46433420892813437319546210346743464469909667968750000000000000000000000000000000 1.46652240645910780791894012509146705269813537597656250000000000000000000000000000 0.00010000000000000000479217360238592959831294137984514236450195312500000000000000 0.00010000000000000000479217360238592959831294137984514236450195312500000000000000 5.16947935079291376325727469520643353462219238281250000000000000000000000000000000 19.46134734078983186122968618292361497879028320312500000000000000000000000000000000 0.00000000000000000000000000000000000000000000000000000000000000000000000000000000 4.15706180733779362412860791664570569992065429687500000000000000000000000000000000 0.00010000000000000000479217360238592959831294137984514236450195312500000000000000 1.84604008979751532670832148141926154494285583496093750000000000000000000000000000 0.00715082150355730080532046244456978456582874059677124023437500000000000000000000 
19.89834754813311334942227404098957777023315429687500000000000000000000000000000000 0.89849296665822597773853885882999747991561889648437500000000000000000000000000000 4.18040683705923310498064893181435763835906982421875000000000000000000000000000000 0.00010000000000000000479217360238592959831294137984514236450195312500000000000000 0.00010000000000000000479217360238592959831294137984514236450195312500000000000000 0.23526466568476281371324887459195451810956001281738281250000000000000000000000000 0.00010000000000000000479217360238592959831294137984514236450195312500000000000000 0.00010000000000000000479217360238592959831294137984514236450195312500000000000000 0.21444328381275545858386522013461217284202575683593750000000000000000000000000000 13.49778603336428517422973527573049068450927734375000000000000000000000000000000000 0.03186116761871082142532074499285954516381025314331054687500000000000000000000000 3.95718184091087410436671234492678195238113403320312500000000000000000000000000000 8.64758671789622468395464238710701465606689453125000000000000000000000000000000000 0.00010000000000000000479217360238592959831294137984514236450195312500000000000000 6.66957761529968262692591451923362910747528076171875000000000000000000000000000000 4.15706180733779362412860791664570569992065429687500000000000000000000000000000000 0.00000000000000000000000000000000000000000000000000000000000000000000000000000000 0.19898773879805101150175516977469669654965400695800781250000000000000000000000000 0.12610161541365133563985523323935922235250473022460937500000000000000000000000000 0.13427240584753383223493017339933430776000022888183593750000000000000000000000000 
0.00010000000000000000479217360238592959831294137984514236450195312500000000000000 5.06385158485835962238752472330816090106964111328125000000000000000000000000000000 0.00010000000000000000479217360238592959831294137984514236450195312500000000000000 0.00010000000000000000479217360238592959831294137984514236450195312500000000000000 4.09537625862002130361361196264624595642089843750000000000000000000000000000000000 0.00010000000000000000479217360238592959831294137984514236450195312500000000000000 0.00010000000000000000479217360238592959831294137984514236450195312500000000000000 2.93667252923195221114838204812258481979370117187500000000000000000000000000000000 0.00010000000000000000479217360238592959831294137984514236450195312500000000000000 0.00010000000000000000479217360238592959831294137984514236450195312500000000000000 0.56320138332676494830053570694872178137302398681640625000000000000000000000000000 0.00010000000000000000479217360238592959831294137984514236450195312500000000000000 0.00010000000000000000479217360238592959831294137984514236450195312500000000000000 0.00010000000000000000479217360238592959831294137984514236450195312500000000000000 0.45647015355741027420322097896132618188858032226562500000000000000000000000000000 0.00010000000000000000479217360238592959831294137984514236450195312500000000000000 0.19898773879805101150175516977469669654965400695800781250000000000000000000000000 0.00000000000000000000000000000000000000000000000000000000000000000000000000000000 0.29556767917393733657860366292879916727542877197265625000000000000000000000000000 0.00010000000000000000479217360238592959831294137984514236450195312500000000000000 
0.00010000000000000000479217360238592959831294137984514236450195312500000000000000 0.00010000000000000000479217360238592959831294137984514236450195312500000000000000 0.91407226015966680510160813355469144880771636962890625000000000000000000000000000 3.02357343674462342164588335435837507247924804687500000000000000000000000000000000 3.24362531924182873055428899533580988645553588867187500000000000000000000000000000 0.00010000000000000000479217360238592959831294137984514236450195312500000000000000 0.08736653010135184138640340734127676114439964294433593750000000000000000000000000 0.04077029056079003316304110171586216893047094345092773437500000000000000000000000 18.16227217153322470721832360140979290008544921875000000000000000000000000000000000 0.00010000000000000000479217360238592959831294137984514236450195312500000000000000 0.05797458151156352490485090811489499174058437347412109375000000000000000000000000 0.00010000000000000000479217360238592959831294137984514236450195312500000000000000 0.00010000000000000000479217360238592959831294137984514236450195312500000000000000 7.68553818099654062478975902195088565349578857421875000000000000000000000000000000 0.00010000000000000000479217360238592959831294137984514236450195312500000000000000 1.84604008979751532670832148141926154494285583496093750000000000000000000000000000 0.12610161541365133563985523323935922235250473022460937500000000000000000000000000 0.29556767917393733657860366292879916727542877197265625000000000000000000000000000 0.00000000000000000000000000000000000000000000000000000000000000000000000000000000 1.00000000000000000000000000000000000000000000000000000000000000000000000000000000 
10.92736488006676331963262782664969563484191894531250000000000000000000000000000000 0.00010000000000000000479217360238592959831294137984514236450195312500000000000000 0.03551915619578215055351932960547856055200099945068359375000000000000000000000000 0.94767792705025832855625367301399819552898406982421875000000000000000000000000000 0.10831721318278171584115199266307172365486621856689453125000000000000000000000000 0.00010000000000000000479217360238592959831294137984514236450195312500000000000000 1.71705686003204971434854542167158797383308410644531250000000000000000000000000000 1.43335928942505264060969238926190882921218872070312500000000000000000000000000000 0.10323807335962026376918743153510149568319320678710937500000000000000000000000000 42.31199454852089303358297911472618579864501953125000000000000000000000000000000000 2.68177557494123419701281818561255931854248046875000000000000000000000000000000000 0.00010000000000000000479217360238592959831294137984514236450195312500000000000000 12.26707416084279067547413433203473687171936035156250000000000000000000000000000000 2.83653862837697090526489773765206336975097656250000000000000000000000000000000000 0.09299108597039322521293769341355073265731334686279296875000000000000000000000000 0.00715082150355730080532046244456978456582874059677124023437500000000000000000000 0.13427240584753383223493017339933430776000022888183593750000000000000000000000000 0.00010000000000000000479217360238592959831294137984514236450195312500000000000000 1.00000000000000000000000000000000000000000000000000000000000000000000000000000000 0.00000000000000000000000000000000000000000000000000000000000000000000000000000000 
0.05861159273972302297117664693359984084963798522949218750000000000000000000000000 0.03228233435024032565996421340059896465390920639038085937500000000000000000000000 0.07534227333582073360407349582601455040276050567626953125000000000000000000000000 0.04514759783157386296981172790765413083136081695556640625000000000000000000000000 0.02651361850624410140819797732092411024495959281921386718750000000000000000000000 0.02722340495577552088590778112120460718870162963867187500000000000000000000000000 0.06056361521409915626978914815481402911245822906494140625000000000000000000000000 0.07092904330267980894664248125991434790194034576416015625000000000000000000000000 0.02647104009832539420199459812010900350287556648254394531250000000000000000000000 0.06299629085003181916402326123716193251311779022216796875000000000000000000000000 0.08120931457542304721108905596338445320725440979003906250000000000000000000000000 0.07468691701599981802583982926080352626740932464599609375000000000000000000000000 0.01259969712266532058941859162359833135269582271575927734375000000000000000000000 0.03360094813774334304712354537514329422265291213989257812500000000000000000000000 0.03395342712288479392057638506230432540178298950195312500000000000000000000000000 0.07834251475978315504278270964277908205986022949218750000000000000000000000000000 0.06882250949235124704017607655259780585765838623046875000000000000000000000000000 0.01767618462348835572939265148306731134653091430664062500000000000000000000000000 0.04768211048438426163942338575907342601567506790161132812500000000000000000000000 0.06534556548076289606008515420398907735943794250488281250000000000000000000000000 
