0.00000000000000000000000000000000000000000000000000000000000000000000000000000000 0.03594380682551206324104597911173186730593442916870117187500000000000000000000000 0.00010000000000000000479217360238592959831294137984514236450195312500000000000000 1.31198830882619388304988206073176115751266479492187500000000000000000000000000000 0.09304428869161797399645053019412443973124027252197265625000000000000000000000000 0.00010000000000000000479217360238592959831294137984514236450195312500000000000000 0.74098109890533669918966097611701115965843200683593750000000000000000000000000000 0.67551031147829310175012551553663797676563262939453125000000000000000000000000000 0.00010000000000000000479217360238592959831294137984514236450195312500000000000000 0.00010000000000000000479217360238592959831294137984514236450195312500000000000000 0.02946877505597100127543441772104415576905012130737304687500000000000000000000000 0.00010000000000000000479217360238592959831294137984514236450195312500000000000000 0.00010000000000000000479217360238592959831294137984514236450195312500000000000000 0.05608766308954643564632647212420124560594558715820312500000000000000000000000000 0.79321304292717087491837446577847003936767578125000000000000000000000000000000000 5.69127688324503466787973593454807996749877929687500000000000000000000000000000000 20.82756868386280402205557038541883230209350585937500000000000000000000000000000000 0.00010000000000000000479217360238592959831294137984514236450195312500000000000000 0.00010000000000000000479217360238592959831294137984514236450195312500000000000000 10.31474407699584006081749976146966218948364257812500000000000000000000000000000000 
0.03594380682551206324104597911173186730593442916870117187500000000000000000000000 0.00000000000000000000000000000000000000000000000000000000000000000000000000000000 0.00010000000000000000479217360238592959831294137984514236450195312500000000000000 0.00010000000000000000479217360238592959831294137984514236450195312500000000000000 2.01016651174457550155239005107432603836059570312500000000000000000000000000000000 16.48491728896429719952720915898680686950683593750000000000000000000000000000000000 0.00010000000000000000479217360238592959831294137984514236450195312500000000000000 6.51689498603690076095062977401539683341979980468750000000000000000000000000000000 2.01142256190947810168268006236758083105087280273437500000000000000000000000000000 1.15251554977761561104898646590299904346466064453125000000000000000000000000000000 0.79183934831046987046221374839660711586475372314453125000000000000000000000000000 33.40053448384917089697410119697451591491699218750000000000000000000000000000000000 1.40017449235422430930952941707801073789596557617187500000000000000000000000000000 0.00010000000000000000479217360238592959831294137984514236450195312500000000000000 0.00010000000000000000479217360238592959831294137984514236450195312500000000000000 4.25563156430538214181069633923470973968505859375000000000000000000000000000000000 0.76722891141809834714138105482561513781547546386718750000000000000000000000000000 1.12511447868294900409580350242322310805320739746093750000000000000000000000000000 0.00010000000000000000479217360238592959831294137984514236450195312500000000000000 0.00010000000000000000479217360238592959831294137984514236450195312500000000000000 
0.00010000000000000000479217360238592959831294137984514236450195312500000000000000 0.00010000000000000000479217360238592959831294137984514236450195312500000000000000 0.00000000000000000000000000000000000000000000000000000000000000000000000000000000 25.20559596162474846892109781038016080856323242187500000000000000000000000000000000 0.00010000000000000000479217360238592959831294137984514236450195312500000000000000 0.13498097855603805039770293205947382375597953796386718750000000000000000000000000 0.00010000000000000000479217360238592959831294137984514236450195312500000000000000 0.00010000000000000000479217360238592959831294137984514236450195312500000000000000 4.94628278496789164364599855616688728332519531250000000000000000000000000000000000 0.80792640128100567942226462037069723010063171386718750000000000000000000000000000 0.03203887827876877175681258336226164828985929489135742187500000000000000000000000 8.43954523106870979631821683142334222793579101562500000000000000000000000000000000 0.00010000000000000000479217360238592959831294137984514236450195312500000000000000 0.05299691747056859553177687871539092157036066055297851562500000000000000000000000 0.04638915398340160561874156996964302379637956619262695312500000000000000000000000 13.44744208999578916063910583034157752990722656250000000000000000000000000000000000 3.51170811553295658669071599433664232492446899414062500000000000000000000000000000 0.00010000000000000000479217360238592959831294137984514236450195312500000000000000 1.48437001642726484895717931067338213324546813964843750000000000000000000000000000 0.00010000000000000000479217360238592959831294137984514236450195312500000000000000 
1.31198830882619388304988206073176115751266479492187500000000000000000000000000000 0.00010000000000000000479217360238592959831294137984514236450195312500000000000000 25.20559596162474846892109781038016080856323242187500000000000000000000000000000000 0.00000000000000000000000000000000000000000000000000000000000000000000000000000000 0.00010000000000000000479217360238592959831294137984514236450195312500000000000000 0.00010000000000000000479217360238592959831294137984514236450195312500000000000000 9.99344302878819767954610142624005675315856933593750000000000000000000000000000000 6.02522174497796658698689498123712837696075439453125000000000000000000000000000000 2.01094762259987636099367591668851673603057861328125000000000000000000000000000000 0.00010000000000000000479217360238592959831294137984514236450195312500000000000000 0.00010000000000000000479217360238592959831294137984514236450195312500000000000000 0.00010000000000000000479217360238592959831294137984514236450195312500000000000000 0.00010000000000000000479217360238592959831294137984514236450195312500000000000000 0.00010000000000000000479217360238592959831294137984514236450195312500000000000000 0.00010000000000000000479217360238592959831294137984514236450195312500000000000000 0.03566441365991858403194925131174386478960514068603515625000000000000000000000000 0.00010000000000000000479217360238592959831294137984514236450195312500000000000000 0.00010000000000000000479217360238592959831294137984514236450195312500000000000000 3.06165033682044374074848747113719582557678222656250000000000000000000000000000000 0.47182392578252885240175373837701044976711273193359375000000000000000000000000000 
0.09304428869161797399645053019412443973124027252197265625000000000000000000000000 2.01016651174457550155239005107432603836059570312500000000000000000000000000000000 0.00010000000000000000479217360238592959831294137984514236450195312500000000000000 0.00010000000000000000479217360238592959831294137984514236450195312500000000000000 0.00000000000000000000000000000000000000000000000000000000000000000000000000000000 0.00010000000000000000479217360238592959831294137984514236450195312500000000000000 0.00010000000000000000479217360238592959831294137984514236450195312500000000000000 0.80714019848526019629275651823263615369796752929687500000000000000000000000000000 0.00010000000000000000479217360238592959831294137984514236450195312500000000000000 0.00010000000000000000479217360238592959831294137984514236450195312500000000000000 0.17500049270897929942769621902698418125510215759277343750000000000000000000000000 0.00010000000000000000479217360238592959831294137984514236450195312500000000000000 0.00010000000000000000479217360238592959831294137984514236450195312500000000000000 1.64643664007737933197006441332632675766944885253906250000000000000000000000000000 0.00010000000000000000479217360238592959831294137984514236450195312500000000000000 2.32556377003162140226777410134673118591308593750000000000000000000000000000000000 0.00010000000000000000479217360238592959831294137984514236450195312500000000000000 2.42558322105144652525154924660455435514450073242187500000000000000000000000000000 8.43371385367845327607483341125771403312683105468750000000000000000000000000000000 0.32310852404771034374064697658468503504991531372070312500000000000000000000000000 
0.00010000000000000000479217360238592959831294137984514236450195312500000000000000 16.48491728896429719952720915898680686950683593750000000000000000000000000000000000 0.13498097855603805039770293205947382375597953796386718750000000000000000000000000 0.00010000000000000000479217360238592959831294137984514236450195312500000000000000 0.00010000000000000000479217360238592959831294137984514236450195312500000000000000 0.00000000000000000000000000000000000000000000000000000000000000000000000000000000 0.96449319489011131611988503209431655704975128173828125000000000000000000000000000 0.00010000000000000000479217360238592959831294137984514236450195312500000000000000 30.79201028643617021884892892558127641677856445312500000000000000000000000000000000 0.00010000000000000000479217360238592959831294137984514236450195312500000000000000 3.03584998980472064999958092812448740005493164062500000000000000000000000000000000 7.99347689933381211346841155318543314933776855468750000000000000000000000000000000 0.00010000000000000000479217360238592959831294137984514236450195312500000000000000 0.00010000000000000000479217360238592959831294137984514236450195312500000000000000 2.78597377399279322318648155487608164548873901367187500000000000000000000000000000 0.00010000000000000000479217360238592959831294137984514236450195312500000000000000 0.00010000000000000000479217360238592959831294137984514236450195312500000000000000 0.00010000000000000000479217360238592959831294137984514236450195312500000000000000 0.00010000000000000000479217360238592959831294137984514236450195312500000000000000 0.00010000000000000000479217360238592959831294137984514236450195312500000000000000 
0.74098109890533669918966097611701115965843200683593750000000000000000000000000000 0.00010000000000000000479217360238592959831294137984514236450195312500000000000000 0.00010000000000000000479217360238592959831294137984514236450195312500000000000000 9.99344302878819767954610142624005675315856933593750000000000000000000000000000000 0.00010000000000000000479217360238592959831294137984514236450195312500000000000000 0.96449319489011131611988503209431655704975128173828125000000000000000000000000000 0.00000000000000000000000000000000000000000000000000000000000000000000000000000000 15.54088956120562059481926553416997194290161132812500000000000000000000000000000000 0.00010000000000000000479217360238592959831294137984514236450195312500000000000000 0.03619712927934419510744845638328115455806255340576171875000000000000000000000000 0.00010000000000000000479217360238592959831294137984514236450195312500000000000000 10.92447251196272084428073867456987500190734863281250000000000000000000000000000000 0.00010000000000000000479217360238592959831294137984514236450195312500000000000000 0.00010000000000000000479217360238592959831294137984514236450195312500000000000000 0.00010000000000000000479217360238592959831294137984514236450195312500000000000000 0.00010000000000000000479217360238592959831294137984514236450195312500000000000000 0.00010000000000000000479217360238592959831294137984514236450195312500000000000000 0.00010000000000000000479217360238592959831294137984514236450195312500000000000000 0.00010000000000000000479217360238592959831294137984514236450195312500000000000000 1.68699284833420293239214515779167413711547851562500000000000000000000000000000000 
0.67551031147829310175012551553663797676563262939453125000000000000000000000000000 6.51689498603690076095062977401539683341979980468750000000000000000000000000000000 0.00010000000000000000479217360238592959831294137984514236450195312500000000000000 6.02522174497796658698689498123712837696075439453125000000000000000000000000000000 0.80714019848526019629275651823263615369796752929687500000000000000000000000000000 0.00010000000000000000479217360238592959831294137984514236450195312500000000000000 15.54088956120562059481926553416997194290161132812500000000000000000000000000000000 0.00000000000000000000000000000000000000000000000000000000000000000000000000000000 0.21237335483387709267333320894977077841758728027343750000000000000000000000000000 0.00010000000000000000479217360238592959831294137984514236450195312500000000000000 0.00010000000000000000479217360238592959831294137984514236450195312500000000000000 0.00010000000000000000479217360238592959831294137984514236450195312500000000000000 0.00010000000000000000479217360238592959831294137984514236450195312500000000000000 0.00010000000000000000479217360238592959831294137984514236450195312500000000000000 0.00010000000000000000479217360238592959831294137984514236450195312500000000000000 5.68452122147056471135329047683626413345336914062500000000000000000000000000000000 0.16101071338929087706226539467024849727749824523925781250000000000000000000000000 1.18045314629192010791314260131912305951118469238281250000000000000000000000000000 0.00010000000000000000479217360238592959831294137984514236450195312500000000000000 3.33075037154986652865318319527432322502136230468750000000000000000000000000000000 
0.00010000000000000000479217360238592959831294137984514236450195312500000000000000 2.01142256190947810168268006236758083105087280273437500000000000000000000000000000 4.94628278496789164364599855616688728332519531250000000000000000000000000000000000 2.01094762259987636099367591668851673603057861328125000000000000000000000000000000 0.00010000000000000000479217360238592959831294137984514236450195312500000000000000 30.79201028643617021884892892558127641677856445312500000000000000000000000000000000 0.00010000000000000000479217360238592959831294137984514236450195312500000000000000 0.21237335483387709267333320894977077841758728027343750000000000000000000000000000 0.00000000000000000000000000000000000000000000000000000000000000000000000000000000 0.53940970299363555362504030199488624930381774902343750000000000000000000000000000 1.96698429055251433617002021492226049304008483886718750000000000000000000000000000 0.00010000000000000000479217360238592959831294137984514236450195312500000000000000 0.00010000000000000000479217360238592959831294137984514236450195312500000000000000 0.00010000000000000000479217360238592959831294137984514236450195312500000000000000 5.89272440892610394058692691032774746417999267578125000000000000000000000000000000 0.35775932761642703638926832354627549648284912109375000000000000000000000000000000 0.33205452294546489167004210685263387858867645263671875000000000000000000000000000 0.00010000000000000000479217360238592959831294137984514236450195312500000000000000 51.70092175493154940113527118228375911712646484375000000000000000000000000000000000 0.00010000000000000000479217360238592959831294137984514236450195312500000000000000 
0.00010000000000000000479217360238592959831294137984514236450195312500000000000000 1.15251554977761561104898646590299904346466064453125000000000000000000000000000000 0.80792640128100567942226462037069723010063171386718750000000000000000000000000000 0.00010000000000000000479217360238592959831294137984514236450195312500000000000000 0.00010000000000000000479217360238592959831294137984514236450195312500000000000000 0.00010000000000000000479217360238592959831294137984514236450195312500000000000000 0.03619712927934419510744845638328115455806255340576171875000000000000000000000000 0.00010000000000000000479217360238592959831294137984514236450195312500000000000000 0.53940970299363555362504030199488624930381774902343750000000000000000000000000000 0.00000000000000000000000000000000000000000000000000000000000000000000000000000000 4.27004925299839577235161414137110114097595214843750000000000000000000000000000000 0.60989000946062343899711777339689433574676513671875000000000000000000000000000000 40.83919381584235708260166575200855731964111328125000000000000000000000000000000000 1.34916848544562295586501932120881974697113037109375000000000000000000000000000000 0.03991818813755378808627582998269645031541585922241210937500000000000000000000000 0.56779421477246438954011864552740007638931274414062500000000000000000000000000000 11.96424794317339568294755736133083701133728027343750000000000000000000000000000000 0.00010000000000000000479217360238592959831294137984514236450195312500000000000000 0.20268726169211132015490761659748386591672897338867187500000000000000000000000000 27.57576889037398260029476659838110208511352539062500000000000000000000000000000000 
0.02946877505597100127543441772104415576905012130737304687500000000000000000000000 0.79183934831046987046221374839660711586475372314453125000000000000000000000000000 0.03203887827876877175681258336226164828985929489135742187500000000000000000000000 0.00010000000000000000479217360238592959831294137984514236450195312500000000000000 0.17500049270897929942769621902698418125510215759277343750000000000000000000000000 3.03584998980472064999958092812448740005493164062500000000000000000000000000000000 0.00010000000000000000479217360238592959831294137984514236450195312500000000000000 0.00010000000000000000479217360238592959831294137984514236450195312500000000000000 1.96698429055251433617002021492226049304008483886718750000000000000000000000000000 4.27004925299839577235161414137110114097595214843750000000000000000000000000000000 0.00000000000000000000000000000000000000000000000000000000000000000000000000000000 0.08301614349722140351328647511763847433030605316162109375000000000000000000000000 12.76494756066558800000620976788923144340515136718750000000000000000000000000000000 6.86130896275049018129266187315806746482849121093750000000000000000000000000000000 5.26728778422253451907408816623501479625701904296875000000000000000000000000000000 1.62111076002403620144320939289173111319541931152343750000000000000000000000000000 0.02666535242174331021836053423612611368298530578613281250000000000000000000000000 0.51824369970705674859345890581607818603515625000000000000000000000000000000000000 0.00010000000000000000479217360238592959831294137984514236450195312500000000000000 2.04598078993655496660153403354343026876449584960937500000000000000000000000000000 
0.00010000000000000000479217360238592959831294137984514236450195312500000000000000 33.40053448384917089697410119697451591491699218750000000000000000000000000000000000 8.43954523106870979631821683142334222793579101562500000000000000000000000000000000 0.00010000000000000000479217360238592959831294137984514236450195312500000000000000 0.00010000000000000000479217360238592959831294137984514236450195312500000000000000 7.99347689933381211346841155318543314933776855468750000000000000000000000000000000 10.92447251196272084428073867456987500190734863281250000000000000000000000000000000 0.00010000000000000000479217360238592959831294137984514236450195312500000000000000 0.00010000000000000000479217360238592959831294137984514236450195312500000000000000 0.60989000946062343899711777339689433574676513671875000000000000000000000000000000 0.08301614349722140351328647511763847433030605316162109375000000000000000000000000 0.00000000000000000000000000000000000000000000000000000000000000000000000000000000 4.24018575646787443389484906219877302646636962890625000000000000000000000000000000 0.00010000000000000000479217360238592959831294137984514236450195312500000000000000 0.00010000000000000000479217360238592959831294137984514236450195312500000000000000 0.13027497275090885175963251185748958960175514221191406250000000000000000000000000 8.38414574111057220306975068524479866027832031250000000000000000000000000000000000 0.00010000000000000000479217360238592959831294137984514236450195312500000000000000 0.00010000000000000000479217360238592959831294137984514236450195312500000000000000 0.30531446357840075211953489997540600597858428955078125000000000000000000000000000 
0.00010000000000000000479217360238592959831294137984514236450195312500000000000000 1.40017449235422430930952941707801073789596557617187500000000000000000000000000000 0.00010000000000000000479217360238592959831294137984514236450195312500000000000000 0.00010000000000000000479217360238592959831294137984514236450195312500000000000000 0.00010000000000000000479217360238592959831294137984514236450195312500000000000000 0.00010000000000000000479217360238592959831294137984514236450195312500000000000000 0.00010000000000000000479217360238592959831294137984514236450195312500000000000000 0.00010000000000000000479217360238592959831294137984514236450195312500000000000000 0.00010000000000000000479217360238592959831294137984514236450195312500000000000000 40.83919381584235708260166575200855731964111328125000000000000000000000000000000000 12.76494756066558800000620976788923144340515136718750000000000000000000000000000000 4.24018575646787443389484906219877302646636962890625000000000000000000000000000000 0.00000000000000000000000000000000000000000000000000000000000000000000000000000000 0.00010000000000000000479217360238592959831294137984514236450195312500000000000000 0.00010000000000000000479217360238592959831294137984514236450195312500000000000000 0.00010000000000000000479217360238592959831294137984514236450195312500000000000000 25.96398440003912710949407482985407114028930664062500000000000000000000000000000000 0.00010000000000000000479217360238592959831294137984514236450195312500000000000000 0.00010000000000000000479217360238592959831294137984514236450195312500000000000000 45.19685711577049858078680699691176414489746093750000000000000000000000000000000000 
0.05608766308954643564632647212420124560594558715820312500000000000000000000000000 0.00010000000000000000479217360238592959831294137984514236450195312500000000000000 0.05299691747056859553177687871539092157036066055297851562500000000000000000000000 0.00010000000000000000479217360238592959831294137984514236450195312500000000000000 1.64643664007737933197006441332632675766944885253906250000000000000000000000000000 0.00010000000000000000479217360238592959831294137984514236450195312500000000000000 0.00010000000000000000479217360238592959831294137984514236450195312500000000000000 0.00010000000000000000479217360238592959831294137984514236450195312500000000000000 0.00010000000000000000479217360238592959831294137984514236450195312500000000000000 1.34916848544562295586501932120881974697113037109375000000000000000000000000000000 6.86130896275049018129266187315806746482849121093750000000000000000000000000000000 0.00010000000000000000479217360238592959831294137984514236450195312500000000000000 0.00010000000000000000479217360238592959831294137984514236450195312500000000000000 0.00000000000000000000000000000000000000000000000000000000000000000000000000000000 0.00010000000000000000479217360238592959831294137984514236450195312500000000000000 9.27172350564957170604429848026484251022338867187500000000000000000000000000000000 0.00010000000000000000479217360238592959831294137984514236450195312500000000000000 0.00010000000000000000479217360238592959831294137984514236450195312500000000000000 9.17159202139652229845978581579402089118957519531250000000000000000000000000000000 2.04690066972849926685285026906058192253112792968750000000000000000000000000000000 
0.79321304292717087491837446577847003936767578125000000000000000000000000000000000 0.00010000000000000000479217360238592959831294137984514236450195312500000000000000 0.04638915398340160561874156996964302379637956619262695312500000000000000000000000 0.00010000000000000000479217360238592959831294137984514236450195312500000000000000 0.00010000000000000000479217360238592959831294137984514236450195312500000000000000 2.78597377399279322318648155487608164548873901367187500000000000000000000000000000 0.00010000000000000000479217360238592959831294137984514236450195312500000000000000 0.00010000000000000000479217360238592959831294137984514236450195312500000000000000 5.89272440892610394058692691032774746417999267578125000000000000000000000000000000 0.03991818813755378808627582998269645031541585922241210937500000000000000000000000 5.26728778422253451907408816623501479625701904296875000000000000000000000000000000 0.00010000000000000000479217360238592959831294137984514236450195312500000000000000 0.00010000000000000000479217360238592959831294137984514236450195312500000000000000 0.00010000000000000000479217360238592959831294137984514236450195312500000000000000 0.00000000000000000000000000000000000000000000000000000000000000000000000000000000 8.56069100685479256185317353811115026473999023437500000000000000000000000000000000 3.13407431100671463042317554936744272708892822265625000000000000000000000000000000 0.00010000000000000000479217360238592959831294137984514236450195312500000000000000 0.00010000000000000000479217360238592959831294137984514236450195312500000000000000 0.00010000000000000000479217360238592959831294137984514236450195312500000000000000 
5.69127688324503466787973593454807996749877929687500000000000000000000000000000000 4.25563156430538214181069633923470973968505859375000000000000000000000000000000000 13.44744208999578916063910583034157752990722656250000000000000000000000000000000000 0.03566441365991858403194925131174386478960514068603515625000000000000000000000000 2.32556377003162140226777410134673118591308593750000000000000000000000000000000000 0.00010000000000000000479217360238592959831294137984514236450195312500000000000000 0.00010000000000000000479217360238592959831294137984514236450195312500000000000000 5.68452122147056471135329047683626413345336914062500000000000000000000000000000000 0.35775932761642703638926832354627549648284912109375000000000000000000000000000000 0.56779421477246438954011864552740007638931274414062500000000000000000000000000000 1.62111076002403620144320939289173111319541931152343750000000000000000000000000000 0.13027497275090885175963251185748958960175514221191406250000000000000000000000000 0.00010000000000000000479217360238592959831294137984514236450195312500000000000000 9.27172350564957170604429848026484251022338867187500000000000000000000000000000000 8.56069100685479256185317353811115026473999023437500000000000000000000000000000000 0.00000000000000000000000000000000000000000000000000000000000000000000000000000000 3.54009640743312159472111488867085427045822143554687500000000000000000000000000000 0.00010000000000000000479217360238592959831294137984514236450195312500000000000000 3.99908942777909981458606125670485198497772216796875000000000000000000000000000000 0.06171156079262479082769843330424919258803129196166992187500000000000000000000000 
20.82756868386280402205557038541883230209350585937500000000000000000000000000000000 0.76722891141809834714138105482561513781547546386718750000000000000000000000000000 3.51170811553295658669071599433664232492446899414062500000000000000000000000000000 0.00010000000000000000479217360238592959831294137984514236450195312500000000000000 0.00010000000000000000479217360238592959831294137984514236450195312500000000000000 0.00010000000000000000479217360238592959831294137984514236450195312500000000000000 0.00010000000000000000479217360238592959831294137984514236450195312500000000000000 0.16101071338929087706226539467024849727749824523925781250000000000000000000000000 0.33205452294546489167004210685263387858867645263671875000000000000000000000000000 11.96424794317339568294755736133083701133728027343750000000000000000000000000000000 0.02666535242174331021836053423612611368298530578613281250000000000000000000000000 8.38414574111057220306975068524479866027832031250000000000000000000000000000000000 25.96398440003912710949407482985407114028930664062500000000000000000000000000000000 0.00010000000000000000479217360238592959831294137984514236450195312500000000000000 3.13407431100671463042317554936744272708892822265625000000000000000000000000000000 3.54009640743312159472111488867085427045822143554687500000000000000000000000000000 0.00000000000000000000000000000000000000000000000000000000000000000000000000000000 0.00010000000000000000479217360238592959831294137984514236450195312500000000000000 0.00010000000000000000479217360238592959831294137984514236450195312500000000000000 0.29287918534916712598459298533271066844463348388671875000000000000000000000000000 
0.00010000000000000000479217360238592959831294137984514236450195312500000000000000 1.12511447868294900409580350242322310805320739746093750000000000000000000000000000 0.00010000000000000000479217360238592959831294137984514236450195312500000000000000 0.00010000000000000000479217360238592959831294137984514236450195312500000000000000 2.42558322105144652525154924660455435514450073242187500000000000000000000000000000 0.00010000000000000000479217360238592959831294137984514236450195312500000000000000 0.00010000000000000000479217360238592959831294137984514236450195312500000000000000 1.18045314629192010791314260131912305951118469238281250000000000000000000000000000 0.00010000000000000000479217360238592959831294137984514236450195312500000000000000 0.00010000000000000000479217360238592959831294137984514236450195312500000000000000 0.51824369970705674859345890581607818603515625000000000000000000000000000000000000 0.00010000000000000000479217360238592959831294137984514236450195312500000000000000 0.00010000000000000000479217360238592959831294137984514236450195312500000000000000 0.00010000000000000000479217360238592959831294137984514236450195312500000000000000 0.00010000000000000000479217360238592959831294137984514236450195312500000000000000 0.00010000000000000000479217360238592959831294137984514236450195312500000000000000 0.00010000000000000000479217360238592959831294137984514236450195312500000000000000 0.00000000000000000000000000000000000000000000000000000000000000000000000000000000 0.00010000000000000000479217360238592959831294137984514236450195312500000000000000 0.00010000000000000000479217360238592959831294137984514236450195312500000000000000 
0.00010000000000000000479217360238592959831294137984514236450195312500000000000000 0.00010000000000000000479217360238592959831294137984514236450195312500000000000000 1.48437001642726484895717931067338213324546813964843750000000000000000000000000000 3.06165033682044374074848747113719582557678222656250000000000000000000000000000000 8.43371385367845327607483341125771403312683105468750000000000000000000000000000000 0.00010000000000000000479217360238592959831294137984514236450195312500000000000000 0.00010000000000000000479217360238592959831294137984514236450195312500000000000000 0.00010000000000000000479217360238592959831294137984514236450195312500000000000000 51.70092175493154940113527118228375911712646484375000000000000000000000000000000000 0.20268726169211132015490761659748386591672897338867187500000000000000000000000000 0.00010000000000000000479217360238592959831294137984514236450195312500000000000000 0.00010000000000000000479217360238592959831294137984514236450195312500000000000000 0.00010000000000000000479217360238592959831294137984514236450195312500000000000000 9.17159202139652229845978581579402089118957519531250000000000000000000000000000000 0.00010000000000000000479217360238592959831294137984514236450195312500000000000000 3.99908942777909981458606125670485198497772216796875000000000000000000000000000000 0.00010000000000000000479217360238592959831294137984514236450195312500000000000000 0.00010000000000000000479217360238592959831294137984514236450195312500000000000000 0.00000000000000000000000000000000000000000000000000000000000000000000000000000000 1.00000000000000000000000000000000000000000000000000000000000000000000000000000000 
10.31474407699584006081749976146966218948364257812500000000000000000000000000000000 0.00010000000000000000479217360238592959831294137984514236450195312500000000000000 0.00010000000000000000479217360238592959831294137984514236450195312500000000000000 0.47182392578252885240175373837701044976711273193359375000000000000000000000000000 0.32310852404771034374064697658468503504991531372070312500000000000000000000000000 0.00010000000000000000479217360238592959831294137984514236450195312500000000000000 1.68699284833420293239214515779167413711547851562500000000000000000000000000000000 3.33075037154986652865318319527432322502136230468750000000000000000000000000000000 0.00010000000000000000479217360238592959831294137984514236450195312500000000000000 27.57576889037398260029476659838110208511352539062500000000000000000000000000000000 2.04598078993655496660153403354343026876449584960937500000000000000000000000000000 0.30531446357840075211953489997540600597858428955078125000000000000000000000000000 45.19685711577049858078680699691176414489746093750000000000000000000000000000000000 2.04690066972849926685285026906058192253112792968750000000000000000000000000000000 0.00010000000000000000479217360238592959831294137984514236450195312500000000000000 0.06171156079262479082769843330424919258803129196166992187500000000000000000000000 0.29287918534916712598459298533271066844463348388671875000000000000000000000000000 0.00010000000000000000479217360238592959831294137984514236450195312500000000000000 1.00000000000000000000000000000000000000000000000000000000000000000000000000000000 0.00000000000000000000000000000000000000000000000000000000000000000000000000000000 
0.05505884443412317752475360066455323249101638793945312500000000000000000000000000 0.04854061053244558554542464889891562052071094512939453125000000000000000000000000 0.07679552713687674836418040058561018668115139007568359375000000000000000000000000 0.05275415174554081571001162842549092601984739303588867187500000000000000000000000 0.03190459979715185717674685861311445478349924087524414062500000000000000000000000 0.04216356104928611903126522975071566179394721984863281250000000000000000000000000 0.04965953003621534356248901076469337567687034606933593750000000000000000000000000 0.07442793920889224923431726210765191353857517242431640625000000000000000000000000 0.02040752596517802705533561891115823527798056602478027343750000000000000000000000 0.08980516550244499462962721736403182148933410644531250000000000000000000000000000 0.07663674964439999570675610129910637624561786651611328125000000000000000000000000 0.06374542470120363180097200483942287974059581756591796875000000000000000000000000 0.01449933190301642103869905753299462958239018917083740234375000000000000000000000 0.03939924930353418119910458017329801805317401885986328125000000000000000000000000 0.03536119900317642728015954389775288291275501251220703125000000000000000000000000 0.07472746129303815820765777289125253446400165557861328125000000000000000000000000 0.05733055010903307519010141390936041716486215591430664062500000000000000000000000 0.01943462897526501351186389854319713776931166648864746093750000000000000000000000 0.03426163188076117999125713708963303361088037490844726562500000000000000000000000 0.04308631777841698956565963385401119012385606765747070312500000000000000000000000 
