0.00000000000000000000000000000000000000000000000000000000000000000000000000000000 0.11300294712116344675312262779698357917368412017822265625000000000000000000000000 0.00010000000000000000479217360238592959831294137984514236450195312500000000000000 1.30485975817321997460851434880169108510017395019531250000000000000000000000000000 0.08696682719541271033847351645817980170249938964843750000000000000000000000000000 0.00010000000000000000479217360238592959831294137984514236450195312500000000000000 0.87520320432925902132126338983653113245964050292968750000000000000000000000000000 0.79098049920609703189455785832251422107219696044921875000000000000000000000000000 0.00010000000000000000479217360238592959831294137984514236450195312500000000000000 0.00010000000000000000479217360238592959831294137984514236450195312500000000000000 0.02754738340185689665640111911670828703790903091430664062500000000000000000000000 0.00010000000000000000479217360238592959831294137984514236450195312500000000000000 0.00010000000000000000479217360238592959831294137984514236450195312500000000000000 0.06150030572640674542128635948756709694862365722656250000000000000000000000000000 0.96977131177149389351654917845735326409339904785156250000000000000000000000000000 5.60568541618675819648842661990784108638763427734375000000000000000000000000000000 19.96353621292273672338524193037301301956176757812500000000000000000000000000000000 0.00010000000000000000479217360238592959831294137984514236450195312500000000000000 0.00010000000000000000479217360238592959831294137984514236450195312500000000000000 10.43026380277033737797864887397736310958862304687500000000000000000000000000000000 
0.11300294712116344675312262779698357917368412017822265625000000000000000000000000 0.00000000000000000000000000000000000000000000000000000000000000000000000000000000 0.00010000000000000000479217360238592959831294137984514236450195312500000000000000 0.00010000000000000000479217360238592959831294137984514236450195312500000000000000 1.90058885027877288997899540845537558197975158691406250000000000000000000000000000 16.56111315714728249304243945516645908355712890625000000000000000000000000000000000 0.00010000000000000000479217360238592959831294137984514236450195312500000000000000 6.65612764444657489804058059235103428363800048828125000000000000000000000000000000 2.80912273340341256400165548257064074277877807617187500000000000000000000000000000 1.40768293550593637242229760886402800679206848144531250000000000000000000000000000 0.75143353457996564515042337006889283657073974609375000000000000000000000000000000 34.77243275051328197378097684122622013092041015625000000000000000000000000000000000 1.33240926110920576697083106409991160035133361816406250000000000000000000000000000 0.00010000000000000000479217360238592959831294137984514236450195312500000000000000 0.00010000000000000000479217360238592959831294137984514236450195312500000000000000 4.26345262342291775325975322630256414413452148437500000000000000000000000000000000 0.77149370182786014549236597304116003215312957763671875000000000000000000000000000 1.92155852171874452771760388714028522372245788574218750000000000000000000000000000 0.00010000000000000000479217360238592959831294137984514236450195312500000000000000 0.00010000000000000000479217360238592959831294137984514236450195312500000000000000 
0.00010000000000000000479217360238592959831294137984514236450195312500000000000000 0.00010000000000000000479217360238592959831294137984514236450195312500000000000000 0.00000000000000000000000000000000000000000000000000000000000000000000000000000000 25.67336078068616700420534471049904823303222656250000000000000000000000000000000000 0.00010000000000000000479217360238592959831294137984514236450195312500000000000000 0.13235051507175399354565570320119149982929229736328125000000000000000000000000000 0.01994825960882085080783099328982643783092498779296875000000000000000000000000000 0.00010000000000000000479217360238592959831294137984514236450195312500000000000000 5.01094974025466655120908399112522602081298828125000000000000000000000000000000000 0.98429927794825544662415950369904749095439910888671875000000000000000000000000000 0.03018740933809692730815932293353398563340306282043457031250000000000000000000000 8.89353852781779075087342789629474282264709472656250000000000000000000000000000000 0.00010000000000000000479217360238592959831294137984514236450195312500000000000000 0.05068675807117029030735011474462226033210754394531250000000000000000000000000000 0.04292167243876560817072984832520887721329927444458007812500000000000000000000000 13.30918311388196073608014557976275682449340820312500000000000000000000000000000000 3.58795164075589134711208316730335354804992675781250000000000000000000000000000000 0.00010000000000000000479217360238592959831294137984514236450195312500000000000000 1.60573942856945750534691796929109841585159301757812500000000000000000000000000000 0.00010000000000000000479217360238592959831294137984514236450195312500000000000000 
1.30485975817321997460851434880169108510017395019531250000000000000000000000000000 0.00010000000000000000479217360238592959831294137984514236450195312500000000000000 25.67336078068616700420534471049904823303222656250000000000000000000000000000000000 0.00000000000000000000000000000000000000000000000000000000000000000000000000000000 0.00010000000000000000479217360238592959831294137984514236450195312500000000000000 0.00010000000000000000479217360238592959831294137984514236450195312500000000000000 9.42974838811579907371651643188670277595520019531250000000000000000000000000000000 6.42883600154025458550677285529673099517822265625000000000000000000000000000000000 2.14792431134061123643164137320127338171005249023437500000000000000000000000000000 0.00010000000000000000479217360238592959831294137984514236450195312500000000000000 0.00010000000000000000479217360238592959831294137984514236450195312500000000000000 0.00010000000000000000479217360238592959831294137984514236450195312500000000000000 0.00010000000000000000479217360238592959831294137984514236450195312500000000000000 0.00010000000000000000479217360238592959831294137984514236450195312500000000000000 0.00010000000000000000479217360238592959831294137984514236450195312500000000000000 0.03455950830280817703821227837579499464482069015502929687500000000000000000000000 0.00010000000000000000479217360238592959831294137984514236450195312500000000000000 0.00010000000000000000479217360238592959831294137984514236450195312500000000000000 3.21069185525317957186075545905623584985733032226562500000000000000000000000000000 0.46578155814905158882410773912852164357900619506835937500000000000000000000000000 
0.08696682719541271033847351645817980170249938964843750000000000000000000000000000 1.90058885027877288997899540845537558197975158691406250000000000000000000000000000 0.00010000000000000000479217360238592959831294137984514236450195312500000000000000 0.00010000000000000000479217360238592959831294137984514236450195312500000000000000 0.00000000000000000000000000000000000000000000000000000000000000000000000000000000 0.00010000000000000000479217360238592959831294137984514236450195312500000000000000 0.00010000000000000000479217360238592959831294137984514236450195312500000000000000 0.75657143857197317604601494167582131922245025634765625000000000000000000000000000 0.00010000000000000000479217360238592959831294137984514236450195312500000000000000 0.00010000000000000000479217360238592959831294137984514236450195312500000000000000 0.16285074138992849945850593940122053027153015136718750000000000000000000000000000 0.00010000000000000000479217360238592959831294137984514236450195312500000000000000 0.00010000000000000000479217360238592959831294137984514236450195312500000000000000 1.38415793779887241754522619885392487049102783203125000000000000000000000000000000 0.00010000000000000000479217360238592959831294137984514236450195312500000000000000 2.51384119481301304688258824171498417854309082031250000000000000000000000000000000 0.00010000000000000000479217360238592959831294137984514236450195312500000000000000 3.61082000867861641069112010882236063480377197265625000000000000000000000000000000 8.40519162005010755933653854299336671829223632812500000000000000000000000000000000 0.30082015503516151833096614609530661255121231079101562500000000000000000000000000 
0.00010000000000000000479217360238592959831294137984514236450195312500000000000000 16.56111315714728249304243945516645908355712890625000000000000000000000000000000000 0.13235051507175399354565570320119149982929229736328125000000000000000000000000000 0.00010000000000000000479217360238592959831294137984514236450195312500000000000000 0.00010000000000000000479217360238592959831294137984514236450195312500000000000000 0.00000000000000000000000000000000000000000000000000000000000000000000000000000000 0.89282445753930317344781997235259041190147399902343750000000000000000000000000000 0.00010000000000000000479217360238592959831294137984514236450195312500000000000000 30.85164602200830685774235462304204702377319335937500000000000000000000000000000000 0.00010000000000000000479217360238592959831294137984514236450195312500000000000000 2.97913304497533237835682484728749841451644897460937500000000000000000000000000000 7.40338591578152893646347365574911236763000488281250000000000000000000000000000000 0.00010000000000000000479217360238592959831294137984514236450195312500000000000000 0.00010000000000000000479217360238592959831294137984514236450195312500000000000000 2.82537837857578688627313567849341779947280883789062500000000000000000000000000000 0.00010000000000000000479217360238592959831294137984514236450195312500000000000000 0.00010000000000000000479217360238592959831294137984514236450195312500000000000000 0.00010000000000000000479217360238592959831294137984514236450195312500000000000000 0.00010000000000000000479217360238592959831294137984514236450195312500000000000000 0.00010000000000000000479217360238592959831294137984514236450195312500000000000000 
0.87520320432925902132126338983653113245964050292968750000000000000000000000000000 0.00010000000000000000479217360238592959831294137984514236450195312500000000000000 0.01994825960882085080783099328982643783092498779296875000000000000000000000000000 9.42974838811579907371651643188670277595520019531250000000000000000000000000000000 0.00010000000000000000479217360238592959831294137984514236450195312500000000000000 0.89282445753930317344781997235259041190147399902343750000000000000000000000000000 0.00000000000000000000000000000000000000000000000000000000000000000000000000000000 14.95429556691943062673999520484358072280883789062500000000000000000000000000000000 0.00010000000000000000479217360238592959831294137984514236450195312500000000000000 0.03586355786961616803898422745078278239816427230834960937500000000000000000000000 0.00010000000000000000479217360238592959831294137984514236450195312500000000000000 10.31539200481820550692191318375989794731140136718750000000000000000000000000000000 0.00010000000000000000479217360238592959831294137984514236450195312500000000000000 0.00010000000000000000479217360238592959831294137984514236450195312500000000000000 0.00010000000000000000479217360238592959831294137984514236450195312500000000000000 0.00010000000000000000479217360238592959831294137984514236450195312500000000000000 0.00010000000000000000479217360238592959831294137984514236450195312500000000000000 0.00010000000000000000479217360238592959831294137984514236450195312500000000000000 0.00010000000000000000479217360238592959831294137984514236450195312500000000000000 1.85767160266427944215195111610228195786476135253906250000000000000000000000000000 
0.79098049920609703189455785832251422107219696044921875000000000000000000000000000 6.65612764444657489804058059235103428363800048828125000000000000000000000000000000 0.00010000000000000000479217360238592959831294137984514236450195312500000000000000 6.42883600154025458550677285529673099517822265625000000000000000000000000000000000 0.75657143857197317604601494167582131922245025634765625000000000000000000000000000 0.00010000000000000000479217360238592959831294137984514236450195312500000000000000 14.95429556691943062673999520484358072280883789062500000000000000000000000000000000 0.00000000000000000000000000000000000000000000000000000000000000000000000000000000 0.20726836948952667705192709490802371874451637268066406250000000000000000000000000 0.00010000000000000000479217360238592959831294137984514236450195312500000000000000 0.00010000000000000000479217360238592959831294137984514236450195312500000000000000 0.00010000000000000000479217360238592959831294137984514236450195312500000000000000 0.00010000000000000000479217360238592959831294137984514236450195312500000000000000 0.00010000000000000000479217360238592959831294137984514236450195312500000000000000 0.00010000000000000000479217360238592959831294137984514236450195312500000000000000 5.67732970003029624450618939590640366077423095703125000000000000000000000000000000 0.12024350407154624220673611034726491197943687438964843750000000000000000000000000 1.39482955511021433636642541387118399143218994140625000000000000000000000000000000 0.02621327267074260655710382650340761756524443626403808593750000000000000000000000 3.27023188155576782776279287645593285560607910156250000000000000000000000000000000 
0.00010000000000000000479217360238592959831294137984514236450195312500000000000000 2.80912273340341256400165548257064074277877807617187500000000000000000000000000000 5.01094974025466655120908399112522602081298828125000000000000000000000000000000000 2.14792431134061123643164137320127338171005249023437500000000000000000000000000000 0.00010000000000000000479217360238592959831294137984514236450195312500000000000000 30.85164602200830685774235462304204702377319335937500000000000000000000000000000000 0.00010000000000000000479217360238592959831294137984514236450195312500000000000000 0.20726836948952667705192709490802371874451637268066406250000000000000000000000000 0.00000000000000000000000000000000000000000000000000000000000000000000000000000000 0.52818548660655828541621303884312510490417480468750000000000000000000000000000000 1.82870751675225862165063972497591748833656311035156250000000000000000000000000000 0.00010000000000000000479217360238592959831294137984514236450195312500000000000000 0.00010000000000000000479217360238592959831294137984514236450195312500000000000000 0.00010000000000000000479217360238592959831294137984514236450195312500000000000000 6.45183097065114807833197119180113077163696289062500000000000000000000000000000000 0.32949552890407174388087696570437401533126831054687500000000000000000000000000000 0.57965162303248751740625266393180936574935913085937500000000000000000000000000000 0.00010000000000000000479217360238592959831294137984514236450195312500000000000000 52.84543553806113891369022894650697708129882812500000000000000000000000000000000000 0.00010000000000000000479217360238592959831294137984514236450195312500000000000000 
0.00010000000000000000479217360238592959831294137984514236450195312500000000000000 1.40768293550593637242229760886402800679206848144531250000000000000000000000000000 0.98429927794825544662415950369904749095439910888671875000000000000000000000000000 0.00010000000000000000479217360238592959831294137984514236450195312500000000000000 0.00010000000000000000479217360238592959831294137984514236450195312500000000000000 0.00010000000000000000479217360238592959831294137984514236450195312500000000000000 0.03586355786961616803898422745078278239816427230834960937500000000000000000000000 0.00010000000000000000479217360238592959831294137984514236450195312500000000000000 0.52818548660655828541621303884312510490417480468750000000000000000000000000000000 0.00000000000000000000000000000000000000000000000000000000000000000000000000000000 4.57644058182151347580202127574011683464050292968750000000000000000000000000000000 0.75170253332021252923311749327694997191429138183593750000000000000000000000000000 42.05636265342936042088695103302597999572753906250000000000000000000000000000000000 1.39721201355928181797594334057066589593887329101562500000000000000000000000000000 0.03920869358740863147572142111130233388394117355346679687500000000000000000000000 0.60033833324419305643715460973908193409442901611328125000000000000000000000000000 11.70896664167070611028975690715014934539794921875000000000000000000000000000000000 0.00010000000000000000479217360238592959831294137984514236450195312500000000000000 0.19994264141603196316410162580723408609628677368164062500000000000000000000000000 28.77240113697571288753351836930960416793823242187500000000000000000000000000000000 
0.02754738340185689665640111911670828703790903091430664062500000000000000000000000 0.75143353457996564515042337006889283657073974609375000000000000000000000000000000 0.03018740933809692730815932293353398563340306282043457031250000000000000000000000 0.00010000000000000000479217360238592959831294137984514236450195312500000000000000 0.16285074138992849945850593940122053027153015136718750000000000000000000000000000 2.97913304497533237835682484728749841451644897460937500000000000000000000000000000 0.00010000000000000000479217360238592959831294137984514236450195312500000000000000 0.00010000000000000000479217360238592959831294137984514236450195312500000000000000 1.82870751675225862165063972497591748833656311035156250000000000000000000000000000 4.57644058182151347580202127574011683464050292968750000000000000000000000000000000 0.00000000000000000000000000000000000000000000000000000000000000000000000000000000 0.07763760116609007277954646042417152784764766693115234375000000000000000000000000 14.16742836604456989846312353620305657386779785156250000000000000000000000000000000 6.89040780630478266743921267334371805191040039062500000000000000000000000000000000 4.87505929772309443137601192574948072433471679687500000000000000000000000000000000 1.58791540985433887733790925267385318875312805175781250000000000000000000000000000 0.02029454853368824196468978016127948649227619171142578125000000000000000000000000 0.66884253844406826861046511112363077700138092041015625000000000000000000000000000 0.00010000000000000000479217360238592959831294137984514236450195312500000000000000 2.09857260158144809381042250606697052717208862304687500000000000000000000000000000 
0.00010000000000000000479217360238592959831294137984514236450195312500000000000000 34.77243275051328197378097684122622013092041015625000000000000000000000000000000000 8.89353852781779075087342789629474282264709472656250000000000000000000000000000000 0.00010000000000000000479217360238592959831294137984514236450195312500000000000000 0.00010000000000000000479217360238592959831294137984514236450195312500000000000000 7.40338591578152893646347365574911236763000488281250000000000000000000000000000000 10.31539200481820550692191318375989794731140136718750000000000000000000000000000000 0.00010000000000000000479217360238592959831294137984514236450195312500000000000000 0.00010000000000000000479217360238592959831294137984514236450195312500000000000000 0.75170253332021252923311749327694997191429138183593750000000000000000000000000000 0.07763760116609007277954646042417152784764766693115234375000000000000000000000000 0.00000000000000000000000000000000000000000000000000000000000000000000000000000000 3.92628309855083701407352236856240779161453247070312500000000000000000000000000000 0.00010000000000000000479217360238592959831294137984514236450195312500000000000000 0.00010000000000000000479217360238592959831294137984514236450195312500000000000000 0.10099792755546592448734344316108035854995250701904296875000000000000000000000000 7.60793751152582764518683688947930932044982910156250000000000000000000000000000000 0.00010000000000000000479217360238592959831294137984514236450195312500000000000000 0.10850614779821363131695477477478561922907829284667968750000000000000000000000000 0.28765161703172370533110324686276726424694061279296875000000000000000000000000000 
0.00010000000000000000479217360238592959831294137984514236450195312500000000000000 1.33240926110920576697083106409991160035133361816406250000000000000000000000000000 0.00010000000000000000479217360238592959831294137984514236450195312500000000000000 0.00010000000000000000479217360238592959831294137984514236450195312500000000000000 0.00010000000000000000479217360238592959831294137984514236450195312500000000000000 0.00010000000000000000479217360238592959831294137984514236450195312500000000000000 0.00010000000000000000479217360238592959831294137984514236450195312500000000000000 0.00010000000000000000479217360238592959831294137984514236450195312500000000000000 0.00010000000000000000479217360238592959831294137984514236450195312500000000000000 42.05636265342936042088695103302597999572753906250000000000000000000000000000000000 14.16742836604456989846312353620305657386779785156250000000000000000000000000000000 3.92628309855083701407352236856240779161453247070312500000000000000000000000000000 0.00000000000000000000000000000000000000000000000000000000000000000000000000000000 0.00010000000000000000479217360238592959831294137984514236450195312500000000000000 0.00010000000000000000479217360238592959831294137984514236450195312500000000000000 0.00010000000000000000479217360238592959831294137984514236450195312500000000000000 24.91834043573994961207063170149922370910644531250000000000000000000000000000000000 0.00010000000000000000479217360238592959831294137984514236450195312500000000000000 0.00010000000000000000479217360238592959831294137984514236450195312500000000000000 42.14808643157441281346109462901949882507324218750000000000000000000000000000000000 
0.06150030572640674542128635948756709694862365722656250000000000000000000000000000 0.00010000000000000000479217360238592959831294137984514236450195312500000000000000 0.05068675807117029030735011474462226033210754394531250000000000000000000000000000 0.00010000000000000000479217360238592959831294137984514236450195312500000000000000 1.38415793779887241754522619885392487049102783203125000000000000000000000000000000 0.00010000000000000000479217360238592959831294137984514236450195312500000000000000 0.00010000000000000000479217360238592959831294137984514236450195312500000000000000 0.00010000000000000000479217360238592959831294137984514236450195312500000000000000 0.00010000000000000000479217360238592959831294137984514236450195312500000000000000 1.39721201355928181797594334057066589593887329101562500000000000000000000000000000 6.89040780630478266743921267334371805191040039062500000000000000000000000000000000 0.00010000000000000000479217360238592959831294137984514236450195312500000000000000 0.00010000000000000000479217360238592959831294137984514236450195312500000000000000 0.00000000000000000000000000000000000000000000000000000000000000000000000000000000 0.00010000000000000000479217360238592959831294137984514236450195312500000000000000 9.23747900608734617833306401735171675682067871093750000000000000000000000000000000 0.00010000000000000000479217360238592959831294137984514236450195312500000000000000 0.00010000000000000000479217360238592959831294137984514236450195312500000000000000 9.37947129052646744185040006414055824279785156250000000000000000000000000000000000 1.93917234084801481941440215450711548328399658203125000000000000000000000000000000 
0.96977131177149389351654917845735326409339904785156250000000000000000000000000000 0.00010000000000000000479217360238592959831294137984514236450195312500000000000000 0.04292167243876560817072984832520887721329927444458007812500000000000000000000000 0.00010000000000000000479217360238592959831294137984514236450195312500000000000000 0.00010000000000000000479217360238592959831294137984514236450195312500000000000000 2.82537837857578688627313567849341779947280883789062500000000000000000000000000000 0.00010000000000000000479217360238592959831294137984514236450195312500000000000000 0.00010000000000000000479217360238592959831294137984514236450195312500000000000000 6.45183097065114807833197119180113077163696289062500000000000000000000000000000000 0.03920869358740863147572142111130233388394117355346679687500000000000000000000000 4.87505929772309443137601192574948072433471679687500000000000000000000000000000000 0.00010000000000000000479217360238592959831294137984514236450195312500000000000000 0.00010000000000000000479217360238592959831294137984514236450195312500000000000000 0.00010000000000000000479217360238592959831294137984514236450195312500000000000000 0.00000000000000000000000000000000000000000000000000000000000000000000000000000000 8.29246295142427491953185381134971976280212402343750000000000000000000000000000000 2.88789352916521391279047747957520186901092529296875000000000000000000000000000000 0.00010000000000000000479217360238592959831294137984514236450195312500000000000000 0.00010000000000000000479217360238592959831294137984514236450195312500000000000000 0.00010000000000000000479217360238592959831294137984514236450195312500000000000000 
5.60568541618675819648842661990784108638763427734375000000000000000000000000000000 4.26345262342291775325975322630256414413452148437500000000000000000000000000000000 13.30918311388196073608014557976275682449340820312500000000000000000000000000000000 0.03455950830280817703821227837579499464482069015502929687500000000000000000000000 2.51384119481301304688258824171498417854309082031250000000000000000000000000000000 0.00010000000000000000479217360238592959831294137984514236450195312500000000000000 0.00010000000000000000479217360238592959831294137984514236450195312500000000000000 5.67732970003029624450618939590640366077423095703125000000000000000000000000000000 0.32949552890407174388087696570437401533126831054687500000000000000000000000000000 0.60033833324419305643715460973908193409442901611328125000000000000000000000000000 1.58791540985433887733790925267385318875312805175781250000000000000000000000000000 0.10099792755546592448734344316108035854995250701904296875000000000000000000000000 0.00010000000000000000479217360238592959831294137984514236450195312500000000000000 9.23747900608734617833306401735171675682067871093750000000000000000000000000000000 8.29246295142427491953185381134971976280212402343750000000000000000000000000000000 0.00000000000000000000000000000000000000000000000000000000000000000000000000000000 3.58780309322260126947412572917528450489044189453125000000000000000000000000000000 0.12892108697889767543465211474540410563349723815917968750000000000000000000000000 3.89568415145283886147353769047185778617858886718750000000000000000000000000000000 0.05892402434350270390428505606905673630535602569580078125000000000000000000000000 
19.96353621292273672338524193037301301956176757812500000000000000000000000000000000 0.77149370182786014549236597304116003215312957763671875000000000000000000000000000 3.58795164075589134711208316730335354804992675781250000000000000000000000000000000 0.00010000000000000000479217360238592959831294137984514236450195312500000000000000 0.00010000000000000000479217360238592959831294137984514236450195312500000000000000 0.00010000000000000000479217360238592959831294137984514236450195312500000000000000 0.00010000000000000000479217360238592959831294137984514236450195312500000000000000 0.12024350407154624220673611034726491197943687438964843750000000000000000000000000 0.57965162303248751740625266393180936574935913085937500000000000000000000000000000 11.70896664167070611028975690715014934539794921875000000000000000000000000000000000 0.02029454853368824196468978016127948649227619171142578125000000000000000000000000 7.60793751152582764518683688947930932044982910156250000000000000000000000000000000 24.91834043573994961207063170149922370910644531250000000000000000000000000000000000 0.00010000000000000000479217360238592959831294137984514236450195312500000000000000 2.88789352916521391279047747957520186901092529296875000000000000000000000000000000 3.58780309322260126947412572917528450489044189453125000000000000000000000000000000 0.00000000000000000000000000000000000000000000000000000000000000000000000000000000 0.00010000000000000000479217360238592959831294137984514236450195312500000000000000 0.12882849968099857607128910785831976681947708129882812500000000000000000000000000 0.27613366013094847728481795456900727003812789916992187500000000000000000000000000 
0.00010000000000000000479217360238592959831294137984514236450195312500000000000000 1.92155852171874452771760388714028522372245788574218750000000000000000000000000000 0.00010000000000000000479217360238592959831294137984514236450195312500000000000000 0.00010000000000000000479217360238592959831294137984514236450195312500000000000000 3.61082000867861641069112010882236063480377197265625000000000000000000000000000000 0.00010000000000000000479217360238592959831294137984514236450195312500000000000000 0.00010000000000000000479217360238592959831294137984514236450195312500000000000000 1.39482955511021433636642541387118399143218994140625000000000000000000000000000000 0.00010000000000000000479217360238592959831294137984514236450195312500000000000000 0.00010000000000000000479217360238592959831294137984514236450195312500000000000000 0.66884253844406826861046511112363077700138092041015625000000000000000000000000000 0.00010000000000000000479217360238592959831294137984514236450195312500000000000000 0.00010000000000000000479217360238592959831294137984514236450195312500000000000000 0.00010000000000000000479217360238592959831294137984514236450195312500000000000000 0.00010000000000000000479217360238592959831294137984514236450195312500000000000000 0.12892108697889767543465211474540410563349723815917968750000000000000000000000000 0.00010000000000000000479217360238592959831294137984514236450195312500000000000000 0.00000000000000000000000000000000000000000000000000000000000000000000000000000000 0.00010000000000000000479217360238592959831294137984514236450195312500000000000000 0.00010000000000000000479217360238592959831294137984514236450195312500000000000000 
0.00010000000000000000479217360238592959831294137984514236450195312500000000000000 0.00010000000000000000479217360238592959831294137984514236450195312500000000000000 1.60573942856945750534691796929109841585159301757812500000000000000000000000000000 3.21069185525317957186075545905623584985733032226562500000000000000000000000000000 8.40519162005010755933653854299336671829223632812500000000000000000000000000000000 0.00010000000000000000479217360238592959831294137984514236450195312500000000000000 0.00010000000000000000479217360238592959831294137984514236450195312500000000000000 0.02621327267074260655710382650340761756524443626403808593750000000000000000000000 52.84543553806113891369022894650697708129882812500000000000000000000000000000000000 0.19994264141603196316410162580723408609628677368164062500000000000000000000000000 0.00010000000000000000479217360238592959831294137984514236450195312500000000000000 0.10850614779821363131695477477478561922907829284667968750000000000000000000000000 0.00010000000000000000479217360238592959831294137984514236450195312500000000000000 9.37947129052646744185040006414055824279785156250000000000000000000000000000000000 0.00010000000000000000479217360238592959831294137984514236450195312500000000000000 3.89568415145283886147353769047185778617858886718750000000000000000000000000000000 0.12882849968099857607128910785831976681947708129882812500000000000000000000000000 0.00010000000000000000479217360238592959831294137984514236450195312500000000000000 0.00000000000000000000000000000000000000000000000000000000000000000000000000000000 1.00000000000000000000000000000000000000000000000000000000000000000000000000000000 
10.43026380277033737797864887397736310958862304687500000000000000000000000000000000 0.00010000000000000000479217360238592959831294137984514236450195312500000000000000 0.00010000000000000000479217360238592959831294137984514236450195312500000000000000 0.46578155814905158882410773912852164357900619506835937500000000000000000000000000 0.30082015503516151833096614609530661255121231079101562500000000000000000000000000 0.00010000000000000000479217360238592959831294137984514236450195312500000000000000 1.85767160266427944215195111610228195786476135253906250000000000000000000000000000 3.27023188155576782776279287645593285560607910156250000000000000000000000000000000 0.00010000000000000000479217360238592959831294137984514236450195312500000000000000 28.77240113697571288753351836930960416793823242187500000000000000000000000000000000 2.09857260158144809381042250606697052717208862304687500000000000000000000000000000 0.28765161703172370533110324686276726424694061279296875000000000000000000000000000 42.14808643157441281346109462901949882507324218750000000000000000000000000000000000 1.93917234084801481941440215450711548328399658203125000000000000000000000000000000 0.00010000000000000000479217360238592959831294137984514236450195312500000000000000 0.05892402434350270390428505606905673630535602569580078125000000000000000000000000 0.27613366013094847728481795456900727003812789916992187500000000000000000000000000 0.00010000000000000000479217360238592959831294137984514236450195312500000000000000 1.00000000000000000000000000000000000000000000000000000000000000000000000000000000 0.00000000000000000000000000000000000000000000000000000000000000000000000000000000 
0.05504461731317728673262834604429372120648622512817382812500000000000000000000000 0.04852607808794175137112603124478482641279697418212890625000000000000000000000000 0.07679987071243563057088010737061267718672752380371093750000000000000000000000000 0.05275500443334046885013322025770321488380432128906250000000000000000000000000000 0.03190607433161386785602786630988703109323978424072265625000000000000000000000000 0.04217089544741796369731190452512237243354320526123046875000000000000000000000000 0.04965690749387412922244422475159808527678251266479492187500000000000000000000000 0.07442246458787404872481374695780687034130096435546875000000000000000000000000000 0.02041607883047168170431717726387432776391506195068359375000000000000000000000000 0.08977973068002638445950225332126137800514698028564453125000000000000000000000000 0.07662865204610673497409578658334794454276561737060546875000000000000000000000000 0.06373047037087185839876468662623665295541286468505859375000000000000000000000000 0.01451034518906122068593322893548247520811855792999267578125000000000000000000000 0.03939689098350273449566927297382790129631757736206054687500000000000000000000000 0.03534617182142592295424066151099395938217639923095703125000000000000000000000000 0.07472515473013405240543249874463072046637535095214843750000000000000000000000000 0.05734252905694330743058273469614505302160978317260742187500000000000000000000000 0.01944380140381835042617808539944235235452651977539062500000000000000000000000000 0.03427605515687037057714903198757383506745100021362304687500000000000000000000000 0.04312220732309223619749261047218169551342725753784179687500000000000000000000000 
