0.00000000000000000000000000000000000000000000000000000000000000000000000000000000 0.00010000000000000000479217360238592959831294137984514236450195312500000000000000 0.00010000000000000000479217360238592959831294137984514236450195312500000000000000 1.73105962439783511719326725142309442162513732910156250000000000000000000000000000 0.00010000000000000000479217360238592959831294137984514236450195312500000000000000 0.00010000000000000000479217360238592959831294137984514236450195312500000000000000 2.81744142802681052373259262822102755308151245117187500000000000000000000000000000 0.75931257699827559015659517172025516629219055175781250000000000000000000000000000 0.00010000000000000000479217360238592959831294137984514236450195312500000000000000 0.00010000000000000000479217360238592959831294137984514236450195312500000000000000 0.00010000000000000000479217360238592959831294137984514236450195312500000000000000 0.00010000000000000000479217360238592959831294137984514236450195312500000000000000 0.00010000000000000000479217360238592959831294137984514236450195312500000000000000 0.00010000000000000000479217360238592959831294137984514236450195312500000000000000 0.80059760171075211587776720989495515823364257812500000000000000000000000000000000 5.23987588503628831659852949087508022785186767578125000000000000000000000000000000 16.18895676141911721401811519172042608261108398437500000000000000000000000000000000 0.00010000000000000000479217360238592959831294137984514236450195312500000000000000 0.00010000000000000000479217360238592959831294137984514236450195312500000000000000 5.23789208678466966517817127169109880924224853515625000000000000000000000000000000 
0.00010000000000000000479217360238592959831294137984514236450195312500000000000000 0.00000000000000000000000000000000000000000000000000000000000000000000000000000000 0.00010000000000000000479217360238592959831294137984514236450195312500000000000000 0.00010000000000000000479217360238592959831294137984514236450195312500000000000000 0.26484549006257251946294672961812466382980346679687500000000000000000000000000000 17.41528581174448220281192334368824958801269531250000000000000000000000000000000000 0.09904785163433141303990225878806086257100105285644531250000000000000000000000000 10.35866064761545146666321670636534690856933593750000000000000000000000000000000000 1.64364146234247687772267454420216381549835205078125000000000000000000000000000000 1.73378285081379401866286116273840889334678649902343750000000000000000000000000000 1.23840372623764061188467167085036635398864746093750000000000000000000000000000000 39.31601925543747455549237201921641826629638671875000000000000000000000000000000000 1.28616501286217532751265935075934976339340209960937500000000000000000000000000000 0.00010000000000000000479217360238592959831294137984514236450195312500000000000000 0.10539049337876062184538028532188036479055881500244140625000000000000000000000000 4.29968488040047081000238904380239546298980712890625000000000000000000000000000000 0.05433043629790801354317864024778828024864196777343750000000000000000000000000000 0.44147311382353410236234481089923065155744552612304687500000000000000000000000000 0.00010000000000000000479217360238592959831294137984514236450195312500000000000000 0.17254857899791853359516835553222335875034332275390625000000000000000000000000000 
0.00010000000000000000479217360238592959831294137984514236450195312500000000000000 0.00010000000000000000479217360238592959831294137984514236450195312500000000000000 0.00000000000000000000000000000000000000000000000000000000000000000000000000000000 26.55406642533862893174045893829315900802612304687500000000000000000000000000000000 0.00010000000000000000479217360238592959831294137984514236450195312500000000000000 0.00010000000000000000479217360238592959831294137984514236450195312500000000000000 0.17143663606424902612346272690047044306993484497070312500000000000000000000000000 0.00010000000000000000479217360238592959831294137984514236450195312500000000000000 4.67399250586843884036625240696594119071960449218750000000000000000000000000000000 0.76346124983948537856548455238225869834423065185546875000000000000000000000000000 0.07310462275043531910068139723080093972384929656982421875000000000000000000000000 13.90475381986045633198045834433287382125854492187500000000000000000000000000000000 0.00010000000000000000479217360238592959831294137984514236450195312500000000000000 0.00010000000000000000479217360238592959831294137984514236450195312500000000000000 0.00010000000000000000479217360238592959831294137984514236450195312500000000000000 11.88138967596907491497404407709836959838867187500000000000000000000000000000000000 2.62142759614420572944482046295888721942901611328125000000000000000000000000000000 0.00010000000000000000479217360238592959831294137984514236450195312500000000000000 1.97200024388913086603736246615881100296974182128906250000000000000000000000000000 0.00010000000000000000479217360238592959831294137984514236450195312500000000000000 
1.73105962439783511719326725142309442162513732910156250000000000000000000000000000 0.00010000000000000000479217360238592959831294137984514236450195312500000000000000 26.55406642533862893174045893829315900802612304687500000000000000000000000000000000 0.00000000000000000000000000000000000000000000000000000000000000000000000000000000 0.00010000000000000000479217360238592959831294137984514236450195312500000000000000 0.00010000000000000000479217360238592959831294137984514236450195312500000000000000 23.32648056796568525328439136501401662826538085937500000000000000000000000000000000 13.53550295828780392071166716050356626510620117187500000000000000000000000000000000 0.00010000000000000000479217360238592959831294137984514236450195312500000000000000 0.00010000000000000000479217360238592959831294137984514236450195312500000000000000 0.00010000000000000000479217360238592959831294137984514236450195312500000000000000 0.00010000000000000000479217360238592959831294137984514236450195312500000000000000 0.00010000000000000000479217360238592959831294137984514236450195312500000000000000 0.00010000000000000000479217360238592959831294137984514236450195312500000000000000 0.00010000000000000000479217360238592959831294137984514236450195312500000000000000 0.15489812275438091804247164873231668025255203247070312500000000000000000000000000 0.00010000000000000000479217360238592959831294137984514236450195312500000000000000 0.00010000000000000000479217360238592959831294137984514236450195312500000000000000 4.76860862729740642151909923995845019817352294921875000000000000000000000000000000 0.98634900342951803420277201439603231847286224365234375000000000000000000000000000 
0.00010000000000000000479217360238592959831294137984514236450195312500000000000000 0.26484549006257251946294672961812466382980346679687500000000000000000000000000000 0.00010000000000000000479217360238592959831294137984514236450195312500000000000000 0.00010000000000000000479217360238592959831294137984514236450195312500000000000000 0.00000000000000000000000000000000000000000000000000000000000000000000000000000000 0.00010000000000000000479217360238592959831294137984514236450195312500000000000000 0.00010000000000000000479217360238592959831294137984514236450195312500000000000000 0.22026721795941067716384509367344435304403305053710937500000000000000000000000000 0.00010000000000000000479217360238592959831294137984514236450195312500000000000000 0.00010000000000000000479217360238592959831294137984514236450195312500000000000000 0.00010000000000000000479217360238592959831294137984514236450195312500000000000000 0.00010000000000000000479217360238592959831294137984514236450195312500000000000000 0.00010000000000000000479217360238592959831294137984514236450195312500000000000000 0.49339867105875068187259557817014865577220916748046875000000000000000000000000000 0.00010000000000000000479217360238592959831294137984514236450195312500000000000000 0.65671647294120394366956361409393139183521270751953125000000000000000000000000000 0.00010000000000000000479217360238592959831294137984514236450195312500000000000000 0.00010000000000000000479217360238592959831294137984514236450195312500000000000000 0.00010000000000000000479217360238592959831294137984514236450195312500000000000000 0.00010000000000000000479217360238592959831294137984514236450195312500000000000000 
0.00010000000000000000479217360238592959831294137984514236450195312500000000000000 17.41528581174448220281192334368824958801269531250000000000000000000000000000000000 0.00010000000000000000479217360238592959831294137984514236450195312500000000000000 0.00010000000000000000479217360238592959831294137984514236450195312500000000000000 0.00010000000000000000479217360238592959831294137984514236450195312500000000000000 0.00000000000000000000000000000000000000000000000000000000000000000000000000000000 0.39918988346591738336499588513106573373079299926757812500000000000000000000000000 0.00010000000000000000479217360238592959831294137984514236450195312500000000000000 39.34582362065053473543230211362242698669433593750000000000000000000000000000000000 0.00010000000000000000479217360238592959831294137984514236450195312500000000000000 3.56535885799517204830522132397163659334182739257812500000000000000000000000000000 10.88471794337843157052247988758608698844909667968750000000000000000000000000000000 0.00010000000000000000479217360238592959831294137984514236450195312500000000000000 0.00010000000000000000479217360238592959831294137984514236450195312500000000000000 2.18055031935953147481654923467431217432022094726562500000000000000000000000000000 0.00010000000000000000479217360238592959831294137984514236450195312500000000000000 0.00010000000000000000479217360238592959831294137984514236450195312500000000000000 0.00010000000000000000479217360238592959831294137984514236450195312500000000000000 0.00010000000000000000479217360238592959831294137984514236450195312500000000000000 0.00010000000000000000479217360238592959831294137984514236450195312500000000000000 
2.81744142802681052373259262822102755308151245117187500000000000000000000000000000 0.09904785163433141303990225878806086257100105285644531250000000000000000000000000 0.17143663606424902612346272690047044306993484497070312500000000000000000000000000 23.32648056796568525328439136501401662826538085937500000000000000000000000000000000 0.00010000000000000000479217360238592959831294137984514236450195312500000000000000 0.39918988346591738336499588513106573373079299926757812500000000000000000000000000 0.00000000000000000000000000000000000000000000000000000000000000000000000000000000 20.55815574394516431766533059999346733093261718750000000000000000000000000000000000 0.00010000000000000000479217360238592959831294137984514236450195312500000000000000 0.00010000000000000000479217360238592959831294137984514236450195312500000000000000 0.00010000000000000000479217360238592959831294137984514236450195312500000000000000 24.63449683600492789992131292819976806640625000000000000000000000000000000000000000 0.00010000000000000000479217360238592959831294137984514236450195312500000000000000 0.00010000000000000000479217360238592959831294137984514236450195312500000000000000 0.00010000000000000000479217360238592959831294137984514236450195312500000000000000 0.00010000000000000000479217360238592959831294137984514236450195312500000000000000 0.00010000000000000000479217360238592959831294137984514236450195312500000000000000 0.00010000000000000000479217360238592959831294137984514236450195312500000000000000 0.00010000000000000000479217360238592959831294137984514236450195312500000000000000 1.56116071690950186656721143663162365555763244628906250000000000000000000000000000 
0.75931257699827559015659517172025516629219055175781250000000000000000000000000000 10.35866064761545146666321670636534690856933593750000000000000000000000000000000000 0.00010000000000000000479217360238592959831294137984514236450195312500000000000000 13.53550295828780392071166716050356626510620117187500000000000000000000000000000000 0.22026721795941067716384509367344435304403305053710937500000000000000000000000000 0.00010000000000000000479217360238592959831294137984514236450195312500000000000000 20.55815574394516431766533059999346733093261718750000000000000000000000000000000000 0.00000000000000000000000000000000000000000000000000000000000000000000000000000000 0.00010000000000000000479217360238592959831294137984514236450195312500000000000000 0.00010000000000000000479217360238592959831294137984514236450195312500000000000000 0.00010000000000000000479217360238592959831294137984514236450195312500000000000000 0.00856257647191736512293225302983046276494860649108886718750000000000000000000000 0.00010000000000000000479217360238592959831294137984514236450195312500000000000000 0.00010000000000000000479217360238592959831294137984514236450195312500000000000000 0.06992962956271780994299547273840289562940597534179687500000000000000000000000000 5.66756871758034641572976397583261132240295410156250000000000000000000000000000000 0.26710932086161176535199501813622191548347473144531250000000000000000000000000000 0.36899762734298707789193372263980563730001449584960937500000000000000000000000000 0.00010000000000000000479217360238592959831294137984514236450195312500000000000000 3.56600774648573848324417667754460126161575317382812500000000000000000000000000000 
0.00010000000000000000479217360238592959831294137984514236450195312500000000000000 1.64364146234247687772267454420216381549835205078125000000000000000000000000000000 4.67399250586843884036625240696594119071960449218750000000000000000000000000000000 0.00010000000000000000479217360238592959831294137984514236450195312500000000000000 0.00010000000000000000479217360238592959831294137984514236450195312500000000000000 39.34582362065053473543230211362242698669433593750000000000000000000000000000000000 0.00010000000000000000479217360238592959831294137984514236450195312500000000000000 0.00010000000000000000479217360238592959831294137984514236450195312500000000000000 0.00000000000000000000000000000000000000000000000000000000000000000000000000000000 0.88705067016934446844089734440785832703113555908203125000000000000000000000000000 2.93470131221658592224343919951934367418289184570312500000000000000000000000000000 0.28162161362746640502763284530374221503734588623046875000000000000000000000000000 0.00010000000000000000479217360238592959831294137984514236450195312500000000000000 0.00010000000000000000479217360238592959831294137984514236450195312500000000000000 3.57334708900986841584312969644088298082351684570312500000000000000000000000000000 0.19179461293903421470474768284475430846214294433593750000000000000000000000000000 0.69933982325083199338422446089680306613445281982421875000000000000000000000000000 0.00010000000000000000479217360238592959831294137984514236450195312500000000000000 53.78495033266578673192270798608660697937011718750000000000000000000000000000000000 0.00010000000000000000479217360238592959831294137984514236450195312500000000000000 
0.00010000000000000000479217360238592959831294137984514236450195312500000000000000 1.73378285081379401866286116273840889334678649902343750000000000000000000000000000 0.76346124983948537856548455238225869834423065185546875000000000000000000000000000 0.00010000000000000000479217360238592959831294137984514236450195312500000000000000 0.00010000000000000000479217360238592959831294137984514236450195312500000000000000 0.00010000000000000000479217360238592959831294137984514236450195312500000000000000 0.00010000000000000000479217360238592959831294137984514236450195312500000000000000 0.00010000000000000000479217360238592959831294137984514236450195312500000000000000 0.88705067016934446844089734440785832703113555908203125000000000000000000000000000 0.00000000000000000000000000000000000000000000000000000000000000000000000000000000 6.30544790974657054505314590642228722572326660156250000000000000000000000000000000 1.44386226621696622807178300718078389763832092285156250000000000000000000000000000 77.41169056873413012453966075554490089416503906250000000000000000000000000000000000 1.33843207920943219058074191707419231534004211425781250000000000000000000000000000 0.00010000000000000000479217360238592959831294137984514236450195312500000000000000 1.09785553021446080634859754354692995548248291015625000000000000000000000000000000 8.22873631855299514370472024893388152122497558593750000000000000000000000000000000 0.00010000000000000000479217360238592959831294137984514236450195312500000000000000 0.00010000000000000000479217360238592959831294137984514236450195312500000000000000 33.61120975767989449423112091608345508575439453125000000000000000000000000000000000 
0.00010000000000000000479217360238592959831294137984514236450195312500000000000000 1.23840372623764061188467167085036635398864746093750000000000000000000000000000000 0.07310462275043531910068139723080093972384929656982421875000000000000000000000000 0.00010000000000000000479217360238592959831294137984514236450195312500000000000000 0.00010000000000000000479217360238592959831294137984514236450195312500000000000000 3.56535885799517204830522132397163659334182739257812500000000000000000000000000000 0.00010000000000000000479217360238592959831294137984514236450195312500000000000000 0.00010000000000000000479217360238592959831294137984514236450195312500000000000000 2.93470131221658592224343919951934367418289184570312500000000000000000000000000000 6.30544790974657054505314590642228722572326660156250000000000000000000000000000000 0.00000000000000000000000000000000000000000000000000000000000000000000000000000000 0.00010000000000000000479217360238592959831294137984514236450195312500000000000000 9.22481828539403458933065849123522639274597167968750000000000000000000000000000000 6.89976745238783273350691160885617136955261230468750000000000000000000000000000000 3.94459966497693503839627737761475145816802978515625000000000000000000000000000000 1.11196157616872914886130274680908769369125366210937500000000000000000000000000000 0.00010000000000000000479217360238592959831294137984514236450195312500000000000000 0.00010000000000000000479217360238592959831294137984514236450195312500000000000000 0.00010000000000000000479217360238592959831294137984514236450195312500000000000000 1.32155576175897149227012050687335431575775146484375000000000000000000000000000000 
0.00010000000000000000479217360238592959831294137984514236450195312500000000000000 39.31601925543747455549237201921641826629638671875000000000000000000000000000000000 13.90475381986045633198045834433287382125854492187500000000000000000000000000000000 0.00010000000000000000479217360238592959831294137984514236450195312500000000000000 0.00010000000000000000479217360238592959831294137984514236450195312500000000000000 10.88471794337843157052247988758608698844909667968750000000000000000000000000000000 24.63449683600492789992131292819976806640625000000000000000000000000000000000000000 0.00856257647191736512293225302983046276494860649108886718750000000000000000000000 0.28162161362746640502763284530374221503734588623046875000000000000000000000000000 1.44386226621696622807178300718078389763832092285156250000000000000000000000000000 0.00010000000000000000479217360238592959831294137984514236450195312500000000000000 0.00000000000000000000000000000000000000000000000000000000000000000000000000000000 1.27109450601023765692332290200283750891685485839843750000000000000000000000000000 0.00010000000000000000479217360238592959831294137984514236450195312500000000000000 0.00010000000000000000479217360238592959831294137984514236450195312500000000000000 0.00010000000000000000479217360238592959831294137984514236450195312500000000000000 7.72256757257871395694337479653768241405487060546875000000000000000000000000000000 0.00010000000000000000479217360238592959831294137984514236450195312500000000000000 0.54465235130085176695757809284259565174579620361328125000000000000000000000000000 0.00010000000000000000479217360238592959831294137984514236450195312500000000000000 
0.00010000000000000000479217360238592959831294137984514236450195312500000000000000 1.28616501286217532751265935075934976339340209960937500000000000000000000000000000 0.00010000000000000000479217360238592959831294137984514236450195312500000000000000 0.00010000000000000000479217360238592959831294137984514236450195312500000000000000 0.00010000000000000000479217360238592959831294137984514236450195312500000000000000 0.00010000000000000000479217360238592959831294137984514236450195312500000000000000 0.00010000000000000000479217360238592959831294137984514236450195312500000000000000 0.00010000000000000000479217360238592959831294137984514236450195312500000000000000 0.00010000000000000000479217360238592959831294137984514236450195312500000000000000 77.41169056873413012453966075554490089416503906250000000000000000000000000000000000 9.22481828539403458933065849123522639274597167968750000000000000000000000000000000 1.27109450601023765692332290200283750891685485839843750000000000000000000000000000 0.00000000000000000000000000000000000000000000000000000000000000000000000000000000 0.00010000000000000000479217360238592959831294137984514236450195312500000000000000 0.00010000000000000000479217360238592959831294137984514236450195312500000000000000 0.00010000000000000000479217360238592959831294137984514236450195312500000000000000 26.08588372392669185728664160706102848052978515625000000000000000000000000000000000 0.00010000000000000000479217360238592959831294137984514236450195312500000000000000 0.00010000000000000000479217360238592959831294137984514236450195312500000000000000 21.94793603142696625241114816162735223770141601562500000000000000000000000000000000 
0.00010000000000000000479217360238592959831294137984514236450195312500000000000000 0.00010000000000000000479217360238592959831294137984514236450195312500000000000000 0.00010000000000000000479217360238592959831294137984514236450195312500000000000000 0.00010000000000000000479217360238592959831294137984514236450195312500000000000000 0.49339867105875068187259557817014865577220916748046875000000000000000000000000000 0.00010000000000000000479217360238592959831294137984514236450195312500000000000000 0.00010000000000000000479217360238592959831294137984514236450195312500000000000000 0.00010000000000000000479217360238592959831294137984514236450195312500000000000000 0.00010000000000000000479217360238592959831294137984514236450195312500000000000000 1.33843207920943219058074191707419231534004211425781250000000000000000000000000000 6.89976745238783273350691160885617136955261230468750000000000000000000000000000000 0.00010000000000000000479217360238592959831294137984514236450195312500000000000000 0.00010000000000000000479217360238592959831294137984514236450195312500000000000000 0.00000000000000000000000000000000000000000000000000000000000000000000000000000000 0.00010000000000000000479217360238592959831294137984514236450195312500000000000000 8.39885396576979736948942445451393723487854003906250000000000000000000000000000000 0.00010000000000000000479217360238592959831294137984514236450195312500000000000000 0.00010000000000000000479217360238592959831294137984514236450195312500000000000000 21.10237951076414475437559303827583789825439453125000000000000000000000000000000000 1.09625816091449079792141674261074513196945190429687500000000000000000000000000000 
0.80059760171075211587776720989495515823364257812500000000000000000000000000000000 0.10539049337876062184538028532188036479055881500244140625000000000000000000000000 0.00010000000000000000479217360238592959831294137984514236450195312500000000000000 0.00010000000000000000479217360238592959831294137984514236450195312500000000000000 0.00010000000000000000479217360238592959831294137984514236450195312500000000000000 2.18055031935953147481654923467431217432022094726562500000000000000000000000000000 0.00010000000000000000479217360238592959831294137984514236450195312500000000000000 0.06992962956271780994299547273840289562940597534179687500000000000000000000000000 3.57334708900986841584312969644088298082351684570312500000000000000000000000000000 0.00010000000000000000479217360238592959831294137984514236450195312500000000000000 3.94459966497693503839627737761475145816802978515625000000000000000000000000000000 0.00010000000000000000479217360238592959831294137984514236450195312500000000000000 0.00010000000000000000479217360238592959831294137984514236450195312500000000000000 0.00010000000000000000479217360238592959831294137984514236450195312500000000000000 0.00000000000000000000000000000000000000000000000000000000000000000000000000000000 4.97561916544515181470842435373924672603607177734375000000000000000000000000000000 1.44854873736995770627800084184855222702026367187500000000000000000000000000000000 0.00010000000000000000479217360238592959831294137984514236450195312500000000000000 0.00010000000000000000479217360238592959831294137984514236450195312500000000000000 0.00010000000000000000479217360238592959831294137984514236450195312500000000000000 
5.23987588503628831659852949087508022785186767578125000000000000000000000000000000 4.29968488040047081000238904380239546298980712890625000000000000000000000000000000 11.88138967596907491497404407709836959838867187500000000000000000000000000000000000 0.15489812275438091804247164873231668025255203247070312500000000000000000000000000 0.65671647294120394366956361409393139183521270751953125000000000000000000000000000 0.00010000000000000000479217360238592959831294137984514236450195312500000000000000 0.00010000000000000000479217360238592959831294137984514236450195312500000000000000 5.66756871758034641572976397583261132240295410156250000000000000000000000000000000 0.19179461293903421470474768284475430846214294433593750000000000000000000000000000 1.09785553021446080634859754354692995548248291015625000000000000000000000000000000 1.11196157616872914886130274680908769369125366210937500000000000000000000000000000 0.00010000000000000000479217360238592959831294137984514236450195312500000000000000 0.00010000000000000000479217360238592959831294137984514236450195312500000000000000 8.39885396576979736948942445451393723487854003906250000000000000000000000000000000 4.97561916544515181470842435373924672603607177734375000000000000000000000000000000 0.00000000000000000000000000000000000000000000000000000000000000000000000000000000 1.49266340870887481706574817508226260542869567871093750000000000000000000000000000 0.00010000000000000000479217360238592959831294137984514236450195312500000000000000 3.92130726344867408528216401464305818080902099609375000000000000000000000000000000 0.00010000000000000000479217360238592959831294137984514236450195312500000000000000 
16.18895676141911721401811519172042608261108398437500000000000000000000000000000000 0.05433043629790801354317864024778828024864196777343750000000000000000000000000000 2.62142759614420572944482046295888721942901611328125000000000000000000000000000000 0.00010000000000000000479217360238592959831294137984514236450195312500000000000000 0.00010000000000000000479217360238592959831294137984514236450195312500000000000000 0.00010000000000000000479217360238592959831294137984514236450195312500000000000000 0.00010000000000000000479217360238592959831294137984514236450195312500000000000000 0.26710932086161176535199501813622191548347473144531250000000000000000000000000000 0.69933982325083199338422446089680306613445281982421875000000000000000000000000000 8.22873631855299514370472024893388152122497558593750000000000000000000000000000000 0.00010000000000000000479217360238592959831294137984514236450195312500000000000000 7.72256757257871395694337479653768241405487060546875000000000000000000000000000000 26.08588372392669185728664160706102848052978515625000000000000000000000000000000000 0.00010000000000000000479217360238592959831294137984514236450195312500000000000000 1.44854873736995770627800084184855222702026367187500000000000000000000000000000000 1.49266340870887481706574817508226260542869567871093750000000000000000000000000000 0.00000000000000000000000000000000000000000000000000000000000000000000000000000000 0.00010000000000000000479217360238592959831294137984514236450195312500000000000000 0.37080662252168400394580771717301104217767715454101562500000000000000000000000000 0.00010000000000000000479217360238592959831294137984514236450195312500000000000000 
0.00010000000000000000479217360238592959831294137984514236450195312500000000000000 0.44147311382353410236234481089923065155744552612304687500000000000000000000000000 0.00010000000000000000479217360238592959831294137984514236450195312500000000000000 0.00010000000000000000479217360238592959831294137984514236450195312500000000000000 0.00010000000000000000479217360238592959831294137984514236450195312500000000000000 0.00010000000000000000479217360238592959831294137984514236450195312500000000000000 0.00010000000000000000479217360238592959831294137984514236450195312500000000000000 0.36899762734298707789193372263980563730001449584960937500000000000000000000000000 0.00010000000000000000479217360238592959831294137984514236450195312500000000000000 0.00010000000000000000479217360238592959831294137984514236450195312500000000000000 0.00010000000000000000479217360238592959831294137984514236450195312500000000000000 0.00010000000000000000479217360238592959831294137984514236450195312500000000000000 0.00010000000000000000479217360238592959831294137984514236450195312500000000000000 0.00010000000000000000479217360238592959831294137984514236450195312500000000000000 0.00010000000000000000479217360238592959831294137984514236450195312500000000000000 0.00010000000000000000479217360238592959831294137984514236450195312500000000000000 0.00010000000000000000479217360238592959831294137984514236450195312500000000000000 0.00000000000000000000000000000000000000000000000000000000000000000000000000000000 0.00010000000000000000479217360238592959831294137984514236450195312500000000000000 0.00010000000000000000479217360238592959831294137984514236450195312500000000000000 
0.00010000000000000000479217360238592959831294137984514236450195312500000000000000 0.00010000000000000000479217360238592959831294137984514236450195312500000000000000 1.97200024388913086603736246615881100296974182128906250000000000000000000000000000 4.76860862729740642151909923995845019817352294921875000000000000000000000000000000 0.00010000000000000000479217360238592959831294137984514236450195312500000000000000 0.00010000000000000000479217360238592959831294137984514236450195312500000000000000 0.00010000000000000000479217360238592959831294137984514236450195312500000000000000 0.00010000000000000000479217360238592959831294137984514236450195312500000000000000 53.78495033266578673192270798608660697937011718750000000000000000000000000000000000 0.00010000000000000000479217360238592959831294137984514236450195312500000000000000 0.00010000000000000000479217360238592959831294137984514236450195312500000000000000 0.54465235130085176695757809284259565174579620361328125000000000000000000000000000 0.00010000000000000000479217360238592959831294137984514236450195312500000000000000 21.10237951076414475437559303827583789825439453125000000000000000000000000000000000 0.00010000000000000000479217360238592959831294137984514236450195312500000000000000 3.92130726344867408528216401464305818080902099609375000000000000000000000000000000 0.37080662252168400394580771717301104217767715454101562500000000000000000000000000 0.00010000000000000000479217360238592959831294137984514236450195312500000000000000 0.00000000000000000000000000000000000000000000000000000000000000000000000000000000 1.00000000000000000000000000000000000000000000000000000000000000000000000000000000 
5.23789208678466966517817127169109880924224853515625000000000000000000000000000000 0.17254857899791853359516835553222335875034332275390625000000000000000000000000000 0.00010000000000000000479217360238592959831294137984514236450195312500000000000000 0.98634900342951803420277201439603231847286224365234375000000000000000000000000000 0.00010000000000000000479217360238592959831294137984514236450195312500000000000000 0.00010000000000000000479217360238592959831294137984514236450195312500000000000000 1.56116071690950186656721143663162365555763244628906250000000000000000000000000000 3.56600774648573848324417667754460126161575317382812500000000000000000000000000000 0.00010000000000000000479217360238592959831294137984514236450195312500000000000000 33.61120975767989449423112091608345508575439453125000000000000000000000000000000000 1.32155576175897149227012050687335431575775146484375000000000000000000000000000000 0.00010000000000000000479217360238592959831294137984514236450195312500000000000000 21.94793603142696625241114816162735223770141601562500000000000000000000000000000000 1.09625816091449079792141674261074513196945190429687500000000000000000000000000000 0.00010000000000000000479217360238592959831294137984514236450195312500000000000000 0.00010000000000000000479217360238592959831294137984514236450195312500000000000000 0.00010000000000000000479217360238592959831294137984514236450195312500000000000000 0.00010000000000000000479217360238592959831294137984514236450195312500000000000000 1.00000000000000000000000000000000000000000000000000000000000000000000000000000000 0.00000000000000000000000000000000000000000000000000000000000000000000000000000000 
0.04667878331799154428827236529286892618983983993530273437500000000000000000000000 0.05600479738764099768566495640698121860623359680175781250000000000000000000000000 0.08215022407966078576979640502031543292105197906494140625000000000000000000000000 0.05028942223058367050336769921159429941326379776000976562500000000000000000000000 0.02735737178410411682416558676322893006727099418640136718750000000000000000000000 0.04170838064650508880681911705323727801442146301269531250000000000000000000000000 0.03005086305944325991701404632294725161045789718627929687500000000000000000000000 0.06799070758108188838875207693490665405988693237304687500000000000000000000000000 0.02008234171644348448060313216956274118274450302124023437500000000000000000000000 0.08074258722981099423154915939448983408510684967041015625000000000000000000000000 0.06851479194522644422526980179100064560770988464355468750000000000000000000000000 0.05427968635566515070989268565426755230873823165893554687500000000000000000000000 0.00934953067573287589786534823588226572610437870025634765625000000000000000000000 0.03147781712143303545214934047180577181279659271240234375000000000000000000000000 0.06066276514973355932225373976507398765534162521362304687500000000000000000000000 0.09760399379161598110155040330937481485307216644287109375000000000000000000000000 0.07462155061781483578187135208281688392162322998046875000000000000000000000000000 0.01537650086339538424429207452703849412500858306884765625000000000000000000000000 0.03478274015494083742927600155780964996665716171264648437500000000000000000000000 0.05027514429117588973250363437728083226829767227172851562500000000000000000000000 
