213
AY661211.1 0.0000000 0.0438454 0.0616946 0.0892493 0.0778146 0.0781903 0.0779273 0.0225087 0.0544750 0.0545418 0.0778556 0.0464143 0.0472120 0.0472120 0.0507936 0.0355994 0.0404088 0.0323394 0.0598238 0.0355994 0.0424967 0.0430543 0.0474922 0.0323394 0.0322861 0.0357093 0.0290361 0.0380221 0.0322861 0.0322860 0.0258312 0.0361760 0.0191854 0.0192770 0.0192770 0.0225087 0.0220436 0.0260655 0.0159954 0.0192986 0.0159919 0.0285093 0.0092845 0.0192292 0.0127518 0.0156385 0.0226255 0.0191762 0.0160126 0.0095080 0.0127518 0.0093166 0.0191368 0.0219462 0.0061823 0.0124373 0.0061823 0.0092728 0.0191185 0.0531900 0.0095080 0.0000010 0.0127181 0.0447161 0.0126641 0.0447387 0.0447387 0.0092513 0.0092513 0.0030773 0.0497675 0.0030773 0.0533965 0.0497675 0.0157739 0.0464605 0.0157205 0.0157775 0.0432567 0.0432567 0.0255321 0.0466372 0.0465968 0.0414607 0.0464205 0.0433248 0.0399804 0.0433248 0.0512482 0.0464205 0.0467738 0.0465620 0.0465620 0.0533048 0.0431609 0.0467528 0.0465694 0.0468598 0.0499511 0.0496955 0.0468771 0.0400061 0.0430668 0.0264615 0.0397733 0.0331441 0.0365765 0.0467772 0.0467772 0.0298499 0.0331441 0.0399228 0.0479135 0.0364900 0.0365965 0.0432202 0.0531283 0.0569622 0.0676534 0.0675434 0.0640544 0.0607003 0.0607003 0.0680840 0.0785776 0.0949475 0.0923025 0.1574807 0.1232873 0.1771225 0.1484580 0.1628081 0.2032253 0.1869368 0.1841248 0.1325612 0.1325612 0.1346987 0.1091261 0.1288203 0.0983079 0.0938350 0.0298125 0.1492353 0.1492353 0.0902968 0.0789621 0.1025718 0.1104824 0.1021604 0.1013150 0.0159233 0.0771847 0.1712345 0.1484580 0.0950613 0.0953704 0.0949475 0.1667007 0.1640708 0.1529869 0.1541567 0.1583520 0.1582949 0.1192465 0.1541567 0.1638047 0.1649847 0.1649847 0.1586150 0.1628081 0.1829532 0.1721791 0.1754978 0.1828768 0.1864990 0.1922711 0.1831361 0.1831361 0.1869368 0.0466445 0.0383013 0.0530129 0.0431958 0.0355741 0.0426009 0.0257009 0.0646308 0.0499867 0.0464478 0.0709148 0.0769445 0.1682420 0.0463510 0.0291878 0.0492655 0.0641307 0.1898831 0.0545725 0.0584369 0.0516892 0.0470413 0.0894372 0.0191284 0.0191527 0.0155779 0.2196111 0.1817526 0.1528660 0.1055510 0.0841427 0.0991493 0.1321832 
AY661210.1 0.0438454 0.0000000 0.0156126 0.0495760 0.0412099 0.0413809 0.0412362 0.0459347 0.0123994 0.0092986 0.0412103 0.0123236 0.0092469 0.0092469 0.0123947 0.0092298 0.0030698 0.0123358 0.0155641 0.0092298 0.0155466 0.0092213 0.0092962 0.0123358 0.0123609 0.0217356 0.0154873 0.0218566 0.0186084 0.0493402 0.0488585 0.0604480 0.0315023 0.0423885 0.0423885 0.0459347 0.0494288 0.0496059 0.0389537 0.0425667 0.0389475 0.0562639 0.0405136 0.0356688 0.0355788 0.0425554 0.0450369 0.0355735 0.0389875 0.0321450 0.0355788 0.0468435 0.0420719 0.0491690 0.0433504 0.0435053 0.0433504 0.0466250 0.0350257 0.0590800 0.0321450 0.0438454 0.0354811 0.0571477 0.0353246 0.0571782 0.0571782 0.0403638 0.0403638 0.0403695 0.0627096 0.0403695 0.0665759 0.0627096 0.0496194 0.0592709 0.0494402 0.0543433 0.0561788 0.0561788 0.0589127 0.0597296 0.0596754 0.0537440 0.0663764 0.0632548 0.0597509 0.0632548 0.0648212 0.0663764 0.0583302 0.0593274 0.0593274 0.0664471 0.0557625 0.0598917 0.0521518 0.0600254 0.0628687 0.0626121 0.0670788 0.0727704 0.0557098 0.0597547 0.0594210 0.0652144 0.0690087 0.0729397 0.0729397 0.0617087 0.0652144 0.0596578 0.0816522 0.0688230 0.0632132 0.0760804 0.0865882 0.0909702 0.0992358 0.1024093 0.0981391 0.0875223 0.0875223 0.0955841 0.1067594 0.1255312 0.1211632 0.1733945 0.1378602 0.1817121 0.1618799 0.1770140 0.1931789 0.1933527 0.1852865 0.0936231 0.0936231 0.0930761 0.0722256 0.0901393 0.0622242 0.0583721 0.0616448 0.1578237 0.1578237 0.0551288 0.1073305 0.0659747 0.0730730 0.0656940 0.0651947 0.0387742 0.0512085 0.1808103 0.1618799 0.1203885 0.1280232 0.1255312 0.1830349 0.1725811 0.1686782 0.1700121 0.1743664 0.1742978 0.1354897 0.1700121 0.1747991 0.1793658 0.1793658 0.1717184 0.1770140 0.1978271 0.1866256 0.1814754 0.1839983 0.1928895 0.1976746 0.1894396 0.1894396 0.1933527 0.0798537 0.0504602 0.0187562 0.0092505 0.0217566 0.0668992 0.0483424 0.0919668 0.0833900 0.0794477 0.0983142 0.1047425 0.1827749 0.0061091 0.0523669 0.0155377 0.0218903 0.1873405 0.0093022 0.0125064 0.0859513 0.0673216 0.1183384 0.0354874 0.0395673 0.0474370 0.2271535 0.1969409 0.1685479 0.1191336 0.0510890 0.0627549 0.0933614 
AY661209.1 0.0616946 0.0156126 0.0000000 0.0672248 0.0582383 0.0584940 0.0546464 0.0636008 0.0219469 0.0188089 0.0582524 0.0283202 0.0251901 0.0251901 0.0284868 0.0251435 0.0188184 0.0283506 0.0318086 0.0251435 0.0317662 0.0251202 0.0225604 0.0283506 0.0284101 0.0316030 0.0316372 0.0317846 0.0284101 0.0670991 0.0665248 0.0789987 0.0482495 0.0598778 0.0598778 0.0636008 0.0648044 0.0674709 0.0563007 0.0530583 0.0492973 0.0742415 0.0583123 0.0529301 0.0528011 0.0601107 0.0624011 0.0527920 0.0563417 0.0491918 0.0528011 0.0646659 0.0594199 0.0668592 0.0610509 0.0612817 0.0610509 0.0643683 0.0520280 0.0776143 0.0491918 0.0616946 0.0457240 0.0753270 0.0524113 0.0753685 0.0753685 0.0581020 0.0581020 0.0580932 0.0813542 0.0580932 0.0854188 0.0813542 0.0675080 0.0778718 0.0672572 0.0725943 0.0748404 0.0748404 0.0775552 0.0748333 0.0783913 0.0718629 0.0851295 0.0822834 0.0787162 0.0822834 0.0839911 0.0851295 0.0767249 0.0779494 0.0779494 0.0852311 0.0742936 0.0786960 0.0705725 0.0788555 0.0740480 0.0812208 0.0862847 0.0843525 0.0742202 0.0784359 0.0780684 0.0843417 0.0882581 0.0852107 0.0852107 0.0808093 0.0843417 0.0783868 0.1013143 0.0880105 0.0820184 0.0956372 0.1060281 0.1106432 0.1192387 0.1223508 0.1178958 0.1071745 0.1071745 0.1155417 0.1274881 0.1461114 0.1415742 0.1954283 0.1589974 0.2047433 0.1840463 0.1998034 0.2123156 0.2125410 0.2043644 0.1047459 0.1047459 0.1041335 0.0829608 0.1012174 0.0728302 0.0688413 0.0807377 0.1799241 0.1799241 0.0655546 0.1276766 0.0766886 0.0764636 0.0763706 0.0685151 0.0560359 0.0614440 0.2040265 0.1840463 0.1407667 0.1485985 0.1461114 0.2054245 0.1949318 0.1905116 0.1920480 0.1965132 0.1964301 0.1563734 0.1920480 0.1968930 0.2023354 0.2023354 0.1942849 0.1998034 0.2172334 0.2055513 0.2002188 0.2028966 0.2120356 0.2170470 0.2085770 0.2085770 0.2125410 0.0993126 0.0685506 0.0351247 0.0252009 0.0316326 0.0852721 0.0662951 0.1119091 0.1028736 0.0987688 0.1101787 0.1247350 0.2058545 0.0218411 0.0701883 0.0317391 0.0250404 0.2066584 0.0188169 0.0221376 0.1058485 0.0863801 0.1306237 0.0526677 0.0571029 0.0654168 0.2473823 0.2205201 0.1903710 0.1394471 0.0684521 0.0734459 0.1044535 
AY661208.1 0.0892493 0.0495760 0.0672248 0.0000000 0.0092746 0.0220427 0.0219619 0.0845534 0.0565194 0.0601544 0.0219508 0.0512637 0.0481002 0.0481002 0.0583591 0.0597005 0.0480250 0.0630964 0.0531377 0.0597005 0.0669563 0.0544805 0.0549427 0.0630964 0.0579762 0.0679048 0.0613192 0.0683084 0.0646093 0.0916159 0.0874700 0.1003711 0.0742147 0.0869781 0.0869781 0.0845534 0.0943859 0.0951480 0.0831771 0.0811376 0.0831719 0.1015509 0.0857720 0.0792627 0.0794818 0.0868643 0.0896941 0.0794648 0.0828007 0.0755865 0.0794818 0.0922136 0.0866380 0.0869592 0.0884068 0.0887667 0.0884068 0.0917994 0.0784026 0.0972197 0.0755865 0.0892493 0.0792425 0.0935154 0.0791512 0.0935694 0.0935694 0.0854768 0.0854768 0.0854252 0.1010937 0.0854252 0.1054000 0.1010937 0.0915602 0.0975521 0.0913574 0.0972658 0.0979153 0.0979153 0.1027608 0.1016342 0.1015310 0.0899358 0.1056362 0.1016534 0.0980295 0.1016534 0.1076677 0.1056362 0.0995033 0.0976540 0.0976540 0.1051386 0.0938846 0.1019589 0.0900284 0.1021380 0.1013678 0.1009188 0.1058373 0.1122544 0.0937873 0.0903158 0.0974529 0.1042004 0.1082596 0.1155910 0.1155910 0.1000736 0.1042004 0.0978596 0.1210733 0.1079433 0.1015794 0.1154918 0.1262910 0.1311636 0.1426652 0.1428641 0.1396839 0.1288803 0.1288803 0.1375655 0.1503908 0.1610910 0.1652884 0.2100535 0.1833997 0.2250061 0.2021219 0.2185753 0.2379576 0.2354861 0.2270845 0.0652329 0.0652329 0.0719564 0.0515219 0.0618599 0.0351421 0.0383785 0.0999987 0.1979000 0.1979000 0.0284748 0.1512563 0.0318587 0.0453647 0.0386003 0.0315793 0.0827745 0.0283038 0.2232068 0.2021219 0.1584771 0.1544390 0.1610910 0.2191715 0.2097586 0.2036957 0.2066190 0.2112290 0.2111348 0.1804593 0.2066190 0.2150575 0.2212809 0.2212809 0.2128118 0.2185753 0.2402762 0.2200037 0.2189471 0.2253747 0.2349253 0.2303895 0.2314132 0.2314132 0.2354861 0.1124848 0.0862205 0.0380248 0.0546539 0.0613028 0.1080664 0.0928764 0.1331735 0.1231729 0.1188762 0.1399634 0.1462449 0.2249347 0.0560169 0.0912709 0.0412063 0.0738840 0.2262813 0.0601886 0.0640351 0.1258473 0.1062242 0.1541140 0.0792857 0.0842122 0.0926871 0.2686561 0.2415220 0.2047689 0.1623173 0.0349115 0.0352679 0.0650503 
AY661207.1 0.0778146 0.0412099 0.0582383 0.0092746 0.0000000 0.0124358 0.0123896 0.0734911 0.0479044 0.0514024 0.0123841 0.0411263 0.0379923 0.0379923 0.0478351 0.0510219 0.0379386 0.0543190 0.0446228 0.0510219 0.0580063 0.0443032 0.0446745 0.0543190 0.0477082 0.0574772 0.0509918 0.0578142 0.0542318 0.0804442 0.0763865 0.0888621 0.0634034 0.0757201 0.0757201 0.0734911 0.0829736 0.0836556 0.0720077 0.0701141 0.0720016 0.0900605 0.0743752 0.0682045 0.0683877 0.0756257 0.0781449 0.0683743 0.0716891 0.0646049 0.0683877 0.0807801 0.0751286 0.0757068 0.0770502 0.0773552 0.0770502 0.0804131 0.0674293 0.0855204 0.0646049 0.0778146 0.0681861 0.0818787 0.0681180 0.0819251 0.0819251 0.0741136 0.0741136 0.0740827 0.0893176 0.0740827 0.0934814 0.0893176 0.0801036 0.0858080 0.0799298 0.0855809 0.0861210 0.0861210 0.0908318 0.0897851 0.0896970 0.0783326 0.0937109 0.0897925 0.0862092 0.0897925 0.0955504 0.0937109 0.0878527 0.0858952 0.0858952 0.0932651 0.0821903 0.0900592 0.0784111 0.0902298 0.0895551 0.0891677 0.0938566 0.1000574 0.0821074 0.0786820 0.0857118 0.0921718 0.0961416 0.1033890 0.1033890 0.0881465 0.0921718 0.0860644 0.1087601 0.0958676 0.0897287 0.1033147 0.1140031 0.1187169 0.1299360 0.1302554 0.1272202 0.1165194 0.1165194 0.1249781 0.1374940 0.1481158 0.1522079 0.1958176 0.1696808 0.2091822 0.1878172 0.2038101 0.2238404 0.2213031 0.2130205 0.0547490 0.0547490 0.0613613 0.0413324 0.0514333 0.0252343 0.0284183 0.0880734 0.1836486 0.1836486 0.0187461 0.1382678 0.0286007 0.0351866 0.0284693 0.0283488 0.0716624 0.0186351 0.2081419 0.1878172 0.1456666 0.1417059 0.1481158 0.2047710 0.1953205 0.1896970 0.1923953 0.1969178 0.1968333 0.1669072 0.1923953 0.2007551 0.2063927 0.2063927 0.1982097 0.2038101 0.2250501 0.2052648 0.2051782 0.2114582 0.2207752 0.2162388 0.2172884 0.2172884 0.2213031 0.1002400 0.0746676 0.0281617 0.0444437 0.0509769 0.0963963 0.0816281 0.1206845 0.1108647 0.1066880 0.1274668 0.1334728 0.2099583 0.0474918 0.0800860 0.0313035 0.0647447 0.2222714 0.0514296 0.0551057 0.1133649 0.0941989 0.1411878 0.0682170 0.0729539 0.0812371 0.2535270 0.2261865 0.1906940 0.1486453 0.0250639 0.0253266 0.0545965 
AY661206.1 0.0781903 0.0413809 0.0584940 0.0220427 0.0124358 0.0000000 0.0124365 0.0738338 0.0481078 0.0516233 0.0124309 0.0477547 0.0446090 0.0446090 0.0480377 0.0512395 0.0380945 0.0545527 0.0448106 0.0512395 0.0582600 0.0444881 0.0448626 0.0545527 0.0479097 0.0577259 0.0512091 0.0580661 0.0544647 0.0808238 0.0767430 0.0892962 0.0636905 0.0760793 0.0760793 0.0738338 0.0833744 0.0840627 0.0723457 0.0704391 0.0723396 0.0905004 0.0747323 0.0685207 0.0687058 0.0759838 0.0785138 0.0686922 0.0720238 0.0649015 0.0687058 0.0811706 0.0754818 0.0760658 0.0774193 0.0777276 0.0774193 0.0808002 0.0677391 0.0859448 0.0649015 0.0781903 0.0685021 0.0822819 0.0684330 0.0823288 0.0823288 0.0744683 0.0744683 0.0744366 0.0897646 0.0744366 0.0939559 0.0897646 0.0804913 0.0862354 0.0803156 0.0860048 0.0865519 0.0865519 0.0912926 0.0902373 0.0901482 0.0787164 0.0941870 0.0902451 0.0866414 0.0902451 0.0960442 0.0941870 0.0882871 0.0863236 0.0863236 0.0937367 0.0825971 0.0905148 0.0787957 0.0906866 0.0900047 0.0896130 0.0943355 0.1005799 0.0825132 0.0790684 0.0861385 0.0926448 0.0966396 0.1039289 0.1039289 0.0885932 0.0926448 0.0864949 0.1093348 0.0963614 0.0901806 0.1038532 0.1146051 0.1193529 0.1306501 0.1309647 0.1279041 0.1171388 0.1171388 0.1256564 0.1382605 0.1489478 0.1530700 0.2071293 0.1706895 0.2175803 0.1955660 0.2120182 0.2400999 0.2376421 0.2292347 0.0621705 0.0621705 0.0689106 0.0484480 0.0587897 0.0320382 0.0352812 0.0885196 0.1913144 0.1913144 0.0253812 0.1390442 0.0355080 0.0422495 0.0353455 0.0351950 0.0719970 0.0252285 0.2165737 0.1955660 0.1464741 0.1514462 0.1489478 0.2175423 0.2067907 0.2007768 0.2036734 0.2082976 0.2082048 0.1678872 0.2036734 0.2086652 0.2147031 0.2147031 0.2062553 0.2120182 0.2337841 0.2211649 0.2246038 0.2275047 0.2370771 0.2325485 0.2335660 0.2335660 0.2376421 0.1007655 0.0750308 0.0283666 0.0446298 0.0511941 0.0968758 0.0820164 0.1213334 0.1114504 0.1072453 0.1281548 0.1342091 0.2183634 0.0476914 0.0804641 0.0314289 0.0650328 0.2387226 0.0516508 0.0553466 0.1139730 0.0946815 0.1419772 0.0685334 0.0732994 0.0816307 0.2755549 0.2349983 0.2018417 0.1494845 0.0251630 0.0321545 0.0619954 
AY661205.1 0.0779273 0.0412362 0.0546464 0.0219619 0.0123896 0.0124365 0.0000000 0.0735892 0.0479416 0.0514460 0.0061430 0.0475908 0.0444543 0.0444543 0.0478721 0.0510645 0.0379603 0.0543681 0.0446545 0.0510645 0.0580633 0.0443342 0.0447063 0.0543681 0.0477449 0.0575325 0.0510344 0.0578706 0.0542806 0.0805616 0.0764916 0.0889113 0.0634748 0.0758251 0.0758251 0.0735892 0.0756855 0.0837860 0.0721019 0.0702031 0.0720958 0.0902110 0.0744779 0.0682882 0.0684721 0.0757303 0.0782560 0.0684586 0.0717820 0.0646793 0.0684721 0.0809013 0.0752311 0.0758117 0.0771599 0.0774662 0.0771599 0.0805328 0.0675103 0.0856591 0.0646793 0.0779273 0.0682697 0.0820054 0.0682012 0.0820520 0.0820520 0.0742152 0.0742152 0.0741840 0.0894694 0.0741840 0.0936491 0.0894694 0.0802230 0.0859481 0.0800484 0.0857195 0.0862627 0.0862627 0.0909906 0.0899394 0.0898509 0.0784484 0.0938796 0.0898451 0.0862561 0.0898451 0.0957283 0.0938796 0.0879981 0.0860358 0.0860358 0.0934315 0.0823186 0.0902151 0.0785273 0.0903864 0.0897082 0.0893188 0.0939166 0.1002528 0.0822352 0.0787991 0.0858515 0.0923366 0.0963216 0.1034675 0.1034675 0.0882964 0.0923366 0.0862059 0.1089908 0.0960460 0.0898829 0.1033929 0.1142541 0.1189906 0.1302653 0.1305832 0.1275306 0.1167821 0.1167821 0.1252819 0.1378627 0.1485378 0.1526536 0.2066472 0.1702417 0.2169137 0.1950826 0.2113679 0.2395951 0.2371338 0.2287275 0.0619610 0.0619610 0.0686827 0.0482797 0.0585897 0.0319222 0.0351544 0.0882231 0.1908335 0.1908335 0.0252884 0.1386427 0.0353799 0.0420989 0.0352184 0.0350688 0.0717553 0.0251368 0.2159046 0.1950826 0.1460715 0.1510339 0.1485378 0.2170516 0.2063017 0.2003030 0.2031918 0.2078130 0.2077205 0.1674463 0.2031918 0.2081813 0.2140441 0.2140441 0.2056194 0.2113679 0.2332727 0.2206654 0.2241048 0.2270023 0.2365698 0.2320392 0.2330583 0.2330583 0.2371338 0.1004367 0.0747724 0.0281722 0.0444750 0.0510194 0.0965703 0.0817498 0.1209674 0.1111035 0.1069082 0.1277791 0.1338193 0.2176962 0.0475280 0.0802024 0.0313171 0.0648171 0.2382112 0.0514734 0.0551570 0.1136173 0.0943706 0.1415748 0.0683007 0.0730514 0.0813599 0.2750302 0.2344836 0.2013652 0.1490720 0.0186531 0.0320378 0.0617869 
AY661204.1 0.0225087 0.0459347 0.0636008 0.0845534 0.0734911 0.0738338 0.0735892 0.0000000 0.0564490 0.0565147 0.0735245 0.0484411 0.0492551 0.0492551 0.0527986 0.0383409 0.0425458 0.0351056 0.0561101 0.0383409 0.0452151 0.0451257 0.0495439 0.0351056 0.0350484 0.0384584 0.0318250 0.0447455 0.0350484 0.0092385 0.0030747 0.0125391 0.0219396 0.0155641 0.0155641 0.0000010 0.0348524 0.0255074 0.0155866 0.0188931 0.0155832 0.0414066 0.0192969 0.0283362 0.0124203 0.0283225 0.0220641 0.0186960 0.0251585 0.0124081 0.0124203 0.0258537 0.0218840 0.0346870 0.0225323 0.0226063 0.0225323 0.0257324 0.0218633 0.0638092 0.0124081 0.0225087 0.0155679 0.0549782 0.0155027 0.0550067 0.0550067 0.0192253 0.0192253 0.0192346 0.0603279 0.0192346 0.0640662 0.0603279 0.0286721 0.0569892 0.0285733 0.0328207 0.0499795 0.0499795 0.0364177 0.0533731 0.0533272 0.0516777 0.0531263 0.0500613 0.0467085 0.0500613 0.0535891 0.0531263 0.0535274 0.0532911 0.0532911 0.0602996 0.0498707 0.0535088 0.0533000 0.0536273 0.0566959 0.0602373 0.0536555 0.0516353 0.0535392 0.0376016 0.0464641 0.0445065 0.0480776 0.0586163 0.0586163 0.0411245 0.0445065 0.0466409 0.0599356 0.0479578 0.0433065 0.0548994 0.0650545 0.0692640 0.0806964 0.0800172 0.0838155 0.0734235 0.0734235 0.0813661 0.0920158 0.1021182 0.1061230 0.1736661 0.1383992 0.1950875 0.1645367 0.1795017 0.2209966 0.2042164 0.2014500 0.1266754 0.1266754 0.1288267 0.1038245 0.1230141 0.0932783 0.0889604 0.0410760 0.1654189 0.1654189 0.0855230 0.0924882 0.0974070 0.1050869 0.0970183 0.0962357 0.0155179 0.0729013 0.1884733 0.1645367 0.1022393 0.1025798 0.1021182 0.1832381 0.1806498 0.1689830 0.1703094 0.1746320 0.1745637 0.1342055 0.1703094 0.1802329 0.1818367 0.1818367 0.1751837 0.1795017 0.2002759 0.1889673 0.1923088 0.2000346 0.2037381 0.2097572 0.2003472 0.2003472 0.2042164 0.0584535 0.0484923 0.0495484 0.0452715 0.0383135 0.0187714 0.0283633 0.0776079 0.0618790 0.0581887 0.0839549 0.0901898 0.1852046 0.0483760 0.0061782 0.0459690 0.0659916 0.2075041 0.0565464 0.0603831 0.0639040 0.0538433 0.1032643 0.0186503 0.0219020 0.0323816 0.2379753 0.1992062 0.1688535 0.1198199 0.0796437 0.0940642 0.1263189 
AY661203.1 0.0544750 0.0123994 0.0219469 0.0565194 0.0479044 0.0481078 0.0479416 0.0564490 0.0000000 0.0155609 0.0479093 0.0249948 0.0218835 0.0218835 0.0251408 0.0218430 0.0155686 0.0250212 0.0284214 0.0218430 0.0283849 0.0218228 0.0220028 0.0250212 0.0250733 0.0346338 0.0282717 0.0348326 0.0314494 0.0599152 0.0593736 0.0713937 0.0414547 0.0527937 0.0527937 0.0564490 0.0600369 0.0602440 0.0492709 0.0530266 0.0492643 0.0669804 0.0511108 0.0459325 0.0458189 0.0530003 0.0553683 0.0458114 0.0493096 0.0422787 0.0458189 0.0574580 0.0523933 0.0597031 0.0538886 0.0540881 0.0538886 0.0571918 0.0451317 0.0701421 0.0422787 0.0544750 0.0456902 0.0679884 0.0454847 0.0680255 0.0680255 0.0509244 0.0509244 0.0509227 0.0738439 0.0509227 0.0778348 0.0738439 0.0602700 0.0703728 0.0600484 0.0652213 0.0673125 0.0673125 0.0700332 0.0673073 0.0708475 0.0645425 0.0775828 0.0744949 0.0709511 0.0744949 0.0762771 0.0775828 0.0693044 0.0704418 0.0704418 0.0776716 0.0668170 0.0711158 0.0631353 0.0712662 0.0740352 0.0737251 0.0784259 0.0843561 0.0667520 0.0709049 0.0705510 0.0766478 0.0805223 0.0845530 0.0845530 0.0731197 0.0766478 0.0708366 0.0872290 0.0802996 0.0744440 0.0876519 0.0907216 0.1027942 0.1112849 0.1141889 0.1100364 0.0993237 0.0993237 0.1075936 0.1194378 0.1380291 0.1335394 0.1906251 0.1543895 0.1997245 0.1792109 0.1948357 0.2111956 0.2114173 0.2032644 0.1013276 0.1013276 0.1007339 0.0796058 0.0978038 0.0694880 0.0655313 0.0730505 0.1751024 0.1751024 0.0620810 0.1196130 0.0731271 0.0729093 0.0730159 0.0650474 0.0490408 0.0580318 0.1989669 0.1792109 0.1327405 0.1405271 0.1380291 0.2005465 0.1900600 0.1857518 0.1872438 0.1916861 0.1916061 0.1518199 0.1872438 0.1920757 0.1973301 0.1973301 0.1893639 0.1948357 0.2160874 0.2044574 0.1991471 0.2018103 0.2109154 0.2159035 0.2074645 0.2074645 0.2114173 0.0839655 0.0612367 0.0251982 0.0218926 0.0346657 0.0778705 0.0591706 0.1039542 0.0950779 0.0910287 0.1102416 0.1090618 0.2008261 0.0185862 0.0629791 0.0283624 0.0282572 0.2055396 0.0155673 0.0188373 0.0915439 0.0787111 0.1307519 0.0457022 0.0500018 0.0581493 0.2461361 0.2153892 0.1856135 0.1350272 0.0613988 0.0698896 0.1010439 
AY661202.1 0.0545418 0.0092986 0.0188089 0.0601544 0.0514024 0.0516233 0.0514460 0.0565147 0.0155609 0.0000000 0.0514101 0.0218674 0.0187547 0.0187547 0.0219951 0.0187199 0.0124536 0.0218902 0.0252575 0.0187199 0.0252260 0.0187025 0.0188565 0.0218902 0.0219359 0.0314795 0.0251266 0.0316596 0.0282997 0.0599799 0.0594382 0.0714521 0.0415159 0.0528594 0.0528594 0.0565147 0.0601018 0.0603089 0.0493361 0.0530927 0.0493295 0.0674212 0.0511778 0.0459970 0.0458832 0.0530663 0.0554331 0.0458757 0.0493748 0.0423413 0.0458832 0.0575239 0.0524585 0.0597676 0.0539549 0.0541547 0.0539549 0.0572575 0.0451950 0.0702022 0.0423413 0.0545418 0.0457543 0.0680494 0.0455484 0.0680865 0.0680865 0.0509911 0.0509911 0.0509894 0.0739004 0.0509894 0.0778870 0.0739004 0.0603351 0.0704329 0.0601132 0.0652847 0.0673756 0.0673756 0.0700938 0.0673704 0.0709075 0.0646059 0.0776351 0.0745512 0.0710112 0.0745512 0.0763322 0.0776351 0.0693648 0.0705019 0.0705019 0.0777238 0.0668801 0.0711758 0.0632006 0.0713261 0.0740917 0.0737816 0.0784776 0.0843996 0.0668150 0.0709647 0.0706110 0.0767023 0.0805717 0.0845963 0.0845963 0.0731785 0.0767023 0.0708967 0.0934739 0.0808310 0.0745003 0.0876895 0.0982746 0.1027991 0.1112664 0.1144051 0.1100218 0.0993371 0.0993371 0.1075857 0.1193932 0.1379145 0.1334436 0.1866549 0.1505793 0.1955696 0.1752192 0.1907272 0.2070331 0.2072430 0.1991149 0.1049851 0.1049851 0.1043708 0.0831675 0.1014524 0.0730193 0.0620285 0.0731093 0.1711227 0.1711227 0.0657282 0.1195678 0.0768857 0.0766600 0.0765666 0.0686936 0.0491057 0.0616069 0.1947791 0.1752192 0.1326479 0.1404021 0.1379145 0.1965072 0.1860332 0.1818196 0.1832745 0.1876953 0.1876179 0.1480538 0.1832745 0.1880935 0.1931881 0.1931881 0.1852976 0.1907272 0.2118640 0.2003408 0.1950701 0.1977003 0.2067503 0.2116877 0.2033020 0.2033020 0.2072430 0.0915473 0.0613019 0.0285288 0.0187624 0.0315089 0.0779214 0.0592351 0.1039562 0.0951009 0.0910599 0.1102263 0.1167655 0.1966621 0.0154862 0.0630424 0.0252073 0.0186623 0.1920208 0.0061674 0.0093285 0.0979149 0.0787627 0.1306665 0.0457663 0.0500678 0.0582155 0.2417150 0.2016897 0.1816832 0.1313522 0.0614894 0.0736375 0.1046918 
AY661201.1 0.0778556 0.0412103 0.0582524 0.0219508 0.0123841 0.0124309 0.0061430 0.0735245 0.0479093 0.0514101 0.0000000 0.0475591 0.0444255 0.0444255 0.0478399 0.0510292 0.0379372 0.0543293 0.0446253 0.0510292 0.0580202 0.0443055 0.0446770 0.0543293 0.0477129 0.0574904 0.0509991 0.0578278 0.0542419 0.0804881 0.0764241 0.0889211 0.0634245 0.0757573 0.0757573 0.0735245 0.0756179 0.0837059 0.0720394 0.0701428 0.0720333 0.0901216 0.0744110 0.0682310 0.0684145 0.0756627 0.0781854 0.0684010 0.0717202 0.0646268 0.0684145 0.0808255 0.0751646 0.0757440 0.0770897 0.0773953 0.0770897 0.0804578 0.0674545 0.0855748 0.0646268 0.0778556 0.0682125 0.0819267 0.0681442 0.0819732 0.0819732 0.0741489 0.0741489 0.0741178 0.0893789 0.0741178 0.0935510 0.0893789 0.0801481 0.0858630 0.0799739 0.0856352 0.0861768 0.0861768 0.0908966 0.0898476 0.0897593 0.0783749 0.0937810 0.0898550 0.0862653 0.0898550 0.0956252 0.0937810 0.0879108 0.0859505 0.0859505 0.0933340 0.0822391 0.0901225 0.0784536 0.0902934 0.0896170 0.0892286 0.0939273 0.1001415 0.0821560 0.0787250 0.0857666 0.0922396 0.0962175 0.1034800 0.1034800 0.0882065 0.0922396 0.0861201 0.1088634 0.0959427 0.0897911 0.1034053 0.1141176 0.1188436 0.1300927 0.1304115 0.1273671 0.1166401 0.1166401 0.1251211 0.1376721 0.1483230 0.1524278 0.2062508 0.1699621 0.2164661 0.1947175 0.2109435 0.2390721 0.2366160 0.2282398 0.0619129 0.0619129 0.0686264 0.0413660 0.0585456 0.0319038 0.0351335 0.0881332 0.1904816 0.1904816 0.0252751 0.1384491 0.0353586 0.0420716 0.0351973 0.0350480 0.0716935 0.0251236 0.2154576 0.1947175 0.1458647 0.1508134 0.1483230 0.2166167 0.2059007 0.1999310 0.2028055 0.2074111 0.2073191 0.1671770 0.2028055 0.2077789 0.2136080 0.2136080 0.2052166 0.2109435 0.2327653 0.2202113 0.2236402 0.2265249 0.2360549 0.2315381 0.2325552 0.2325552 0.2366160 0.1003248 0.0747042 0.0281569 0.0444462 0.0509842 0.0964698 0.0816742 0.1208162 0.1109724 0.1067857 0.1276146 0.1336389 0.2172463 0.0474963 0.0801293 0.0312996 0.0647661 0.2376864 0.0514373 0.0551168 0.1134797 0.0942705 0.1413759 0.0682434 0.0729872 0.0812833 0.2743458 0.2339685 0.2009882 0.1488549 0.0122959 0.0320193 0.0617392 
AY661200.1 0.0464143 0.0123236 0.0283202 0.0512637 0.0411263 0.0477547 0.0475908 0.0484411 0.0249948 0.0218674 0.0475591 0.0000000 0.0030562 0.0030562 0.0186022 0.0154826 0.0092166 0.0186241 0.0282387 0.0154826 0.0219085 0.0092134 0.0155046 0.0186241 0.0123508 0.0217190 0.0154752 0.0218408 0.0185934 0.0518091 0.0486441 0.0628370 0.0314830 0.0449245 0.0449245 0.0484411 0.0519035 0.0520854 0.0415230 0.0451124 0.0415168 0.0586632 0.0431287 0.0382786 0.0381840 0.0450981 0.0447897 0.0381782 0.0415577 0.0347807 0.0381840 0.0466350 0.0445928 0.0516311 0.0431576 0.0433112 0.0431576 0.0464183 0.0348743 0.0584181 0.0347807 0.0464143 0.0380802 0.0595623 0.0379142 0.0595938 0.0595938 0.0429723 0.0429723 0.0429766 0.0620201 0.0429766 0.0658554 0.0620201 0.0521009 0.0617134 0.0519148 0.0540994 0.0586739 0.0586739 0.0613629 0.0621834 0.0621274 0.0561987 0.0656602 0.0656697 0.0622075 0.0656697 0.0672603 0.0656602 0.0607577 0.0617718 0.0617718 0.0688142 0.0582462 0.0623515 0.0546741 0.0624871 0.0652735 0.0650094 0.0694623 0.0751263 0.0581915 0.0594831 0.0618674 0.0676440 0.0714015 0.0752989 0.0752989 0.0641840 0.0676440 0.0621112 0.0839338 0.0712109 0.0656267 0.0783898 0.0887842 0.0931421 0.1013527 0.1044872 0.1002421 0.0897315 0.0897315 0.0977357 0.1088199 0.1274527 0.1231069 0.1722591 0.1397291 0.1805289 0.1607384 0.1758411 0.1931797 0.1933545 0.1852390 0.1006599 0.1006599 0.1000736 0.0787808 0.0971600 0.0687687 0.0648588 0.0641198 0.1566871 0.1566871 0.0616112 0.1093981 0.0728478 0.0797030 0.0722578 0.0717068 0.0413341 0.0511890 0.1796171 0.1607384 0.1223356 0.1299224 0.1274527 0.1818851 0.1714290 0.1675524 0.1688760 0.1732252 0.1731574 0.1373556 0.1688760 0.1711606 0.1781842 0.1781842 0.1705558 0.1758411 0.1961158 0.1779804 0.1814063 0.1839435 0.1928884 0.1952672 0.1894172 0.1894172 0.1933545 0.0821317 0.0529589 0.0250213 0.0092426 0.0217408 0.0692054 0.0481324 0.0941563 0.0856283 0.0817154 0.1004205 0.1068001 0.1815896 0.0122972 0.0521367 0.0187274 0.0283270 0.1902308 0.0218769 0.0252109 0.0882071 0.0697107 0.1203151 0.0380877 0.0421568 0.0499691 0.2273848 0.1957424 0.1674226 0.1210851 0.0510695 0.0693481 0.1003797 
AY661199.1 0.0472120 0.0092469 0.0251901 0.0481002 0.0379923 0.0446090 0.0444543 0.0492551 0.0218835 0.0187547 0.0444255 0.0030562 0.0000000 0.0000010 0.0155112 0.0186161 0.0061471 0.0217687 0.0251160 0.0186161 0.0250848 0.0123097 0.0124098 0.0217687 0.0154691 0.0248678 0.0186069 0.0250072 0.0217339 0.0526691 0.0521688 0.0638559 0.0346890 0.0456859 0.0456859 0.0492551 0.0527672 0.0529532 0.0422341 0.0458803 0.0422278 0.0596150 0.0438812 0.0389427 0.0388453 0.0458648 0.0483019 0.0388394 0.0422696 0.0353885 0.0388453 0.0501947 0.0453440 0.0524857 0.0466890 0.0468572 0.0466890 0.0499618 0.0382503 0.0594000 0.0353885 0.0472120 0.0387382 0.0605354 0.0385668 0.0605679 0.0605679 0.0437201 0.0437201 0.0437239 0.0630500 0.0437239 0.0669394 0.0630500 0.0529704 0.0627348 0.0527786 0.0577517 0.0596633 0.0596633 0.0623817 0.0632177 0.0631600 0.0571294 0.0667373 0.0667480 0.0632435 0.0667480 0.0683771 0.0667373 0.0617566 0.0627950 0.0627950 0.0699249 0.0592235 0.0633914 0.0556029 0.0635301 0.0663405 0.0660685 0.0705918 0.0763394 0.0591672 0.0632320 0.0628931 0.0687629 0.0725686 0.0765166 0.0765166 0.0652625 0.0687629 0.0631442 0.0852561 0.0723724 0.0667037 0.0796340 0.0901363 0.0945501 0.1028559 0.1060118 0.1017176 0.0911070 0.0911070 0.0992043 0.1103995 0.1291994 0.1248092 0.1744062 0.1416054 0.1828140 0.1628374 0.1780796 0.1955376 0.1957192 0.1875566 0.0974325 0.0974325 0.0968625 0.0755805 0.0939295 0.0655620 0.0616758 0.0651970 0.1587569 0.1587569 0.0584269 0.1109926 0.0696141 0.0764674 0.0690456 0.0685193 0.0420393 0.0544564 0.1819163 0.1628374 0.1240295 0.1316849 0.1291994 0.1841131 0.1736033 0.1696567 0.1710065 0.1753884 0.1753188 0.1391928 0.1710065 0.1758205 0.1804525 0.1804525 0.1727455 0.1780796 0.1990300 0.1802256 0.1836665 0.1862340 0.1952460 0.2001080 0.1917599 0.1917599 0.1957192 0.0834219 0.0538493 0.0219070 0.0123486 0.0248915 0.0702946 0.0516157 0.0955920 0.0869540 0.0829928 0.1019011 0.1083463 0.1838850 0.0154018 0.0556963 0.0156150 0.0315280 0.1925942 0.0187627 0.0220731 0.0895860 0.0708470 0.1220043 0.0387461 0.0428842 0.0508181 0.2299980 0.1981517 0.1695253 0.1227644 0.0543370 0.0661183 0.0971600 
AY661198.1 0.0472120 0.0092469 0.0251901 0.0481002 0.0379923 0.0446090 0.0444543 0.0492551 0.0218835 0.0187547 0.0444255 0.0030562 0.0000010 0.0000000 0.0155112 0.0186161 0.0061471 0.0217687 0.0251160 0.0186161 0.0250848 0.0123097 0.0124098 0.0217687 0.0154691 0.0248678 0.0186069 0.0250072 0.0217339 0.0526691 0.0521688 0.0638559 0.0346890 0.0456859 0.0456859 0.0492551 0.0527672 0.0529532 0.0422341 0.0458803 0.0422278 0.0596150 0.0438812 0.0389427 0.0388453 0.0458648 0.0483019 0.0388394 0.0422696 0.0353885 0.0388453 0.0501947 0.0453440 0.0524857 0.0466890 0.0468572 0.0466890 0.0499618 0.0382503 0.0594000 0.0353885 0.0472120 0.0387382 0.0605354 0.0385668 0.0605679 0.0605679 0.0437201 0.0437201 0.0437239 0.0630500 0.0437239 0.0669394 0.0630500 0.0529704 0.0627348 0.0527786 0.0577517 0.0596633 0.0596633 0.0623817 0.0632177 0.0631600 0.0571294 0.0667373 0.0667480 0.0632435 0.0667480 0.0683771 0.0667373 0.0617566 0.0627950 0.0627950 0.0699249 0.0592235 0.0633914 0.0556029 0.0635301 0.0663405 0.0660685 0.0705918 0.0763394 0.0591672 0.0632320 0.0628931 0.0687629 0.0725686 0.0765166 0.0765166 0.0652625 0.0687629 0.0631442 0.0852561 0.0723724 0.0667037 0.0796340 0.0901363 0.0945501 0.1028559 0.1060118 0.1017176 0.0911070 0.0911070 0.0992043 0.1103995 0.1291994 0.1248092 0.1744062 0.1416054 0.1828140 0.1628374 0.1780796 0.1955376 0.1957192 0.1875566 0.0974325 0.0974325 0.0968625 0.0755805 0.0939295 0.0655620 0.0616758 0.0651970 0.1587569 0.1587569 0.0584269 0.1109926 0.0696141 0.0764674 0.0690456 0.0685193 0.0420393 0.0544564 0.1819163 0.1628374 0.1240295 0.1316849 0.1291994 0.1841131 0.1736033 0.1696567 0.1710065 0.1753884 0.1753188 0.1391928 0.1710065 0.1758205 0.1804525 0.1804525 0.1727455 0.1780796 0.1990300 0.1802256 0.1836665 0.1862340 0.1952460 0.2001080 0.1917599 0.1917599 0.1957192 0.0834219 0.0538493 0.0219070 0.0123486 0.0248915 0.0702946 0.0516157 0.0955920 0.0869540 0.0829928 0.1019011 0.1083463 0.1838850 0.0154018 0.0556963 0.0156150 0.0315280 0.1925942 0.0187627 0.0220731 0.0895860 0.0708470 0.1220043 0.0387461 0.0428842 0.0508181 0.2299980 0.1981517 0.1695253 0.1227644 0.0543370 0.0661183 0.0971600 
AY661197.1 0.0507936 0.0123947 0.0284868 0.0583591 0.0478351 0.0480377 0.0478721 0.0527986 0.0251408 0.0219951 0.0478399 0.0186022 0.0155112 0.0155112 0.0000000 0.0218320 0.0092688 0.0250075 0.0256884 0.0218320 0.0283680 0.0154674 0.0155945 0.0250075 0.0186608 0.0281205 0.0218210 0.0282797 0.0249674 0.0562340 0.0557134 0.0675467 0.0380367 0.0491915 0.0491915 0.0527986 0.0563433 0.0565390 0.0439474 0.0494043 0.0457021 0.0617651 0.0474505 0.0423974 0.0422921 0.0493838 0.0450271 0.0422854 0.0457457 0.0387975 0.0422921 0.0537722 0.0420628 0.0560368 0.0502396 0.0504229 0.0502396 0.0535232 0.0416517 0.0662623 0.0387975 0.0507936 0.0421745 0.0641909 0.0419865 0.0642256 0.0642256 0.0472770 0.0472770 0.0472783 0.0699262 0.0472783 0.0738589 0.0699262 0.0565608 0.0664782 0.0563547 0.0614194 0.0634172 0.0634172 0.0661313 0.0669888 0.0669270 0.0607704 0.0736268 0.0705376 0.0670199 0.0705376 0.0722390 0.0736268 0.0654570 0.0665426 0.0665426 0.0737088 0.0629508 0.0671758 0.0593058 0.0673201 0.0701054 0.0698154 0.0744167 0.0802429 0.0628903 0.0669916 0.0666459 0.0726172 0.0764491 0.0804292 0.0804292 0.0691097 0.0726172 0.0669134 0.0892255 0.0762405 0.0704901 0.0835314 0.0940607 0.0985222 0.1068951 0.1100389 0.1057074 0.0950744 0.0950744 0.1032341 0.1144800 0.1333485 0.1289260 0.1816537 0.1458593 0.1816354 0.1702124 0.1855461 0.2104900 0.2107085 0.2026023 0.1008670 0.1008670 0.1002785 0.0792535 0.0973603 0.0691833 0.0652472 0.0690424 0.1661399 0.1661399 0.0619805 0.1150995 0.0729988 0.0801864 0.0656778 0.0721362 0.0454966 0.0579414 0.1894925 0.1702124 0.1281395 0.1358313 0.1333485 0.1914050 0.1809614 0.1768738 0.1782799 0.1826662 0.1825923 0.1433966 0.1782799 0.1830757 0.1879608 0.1879608 0.1801786 0.1855461 0.2065145 0.1951376 0.1985176 0.2011620 0.2102108 0.2151637 0.2067785 0.2067785 0.2107085 0.0873480 0.0574823 0.0251676 0.0155175 0.0281470 0.0716104 0.0535472 0.0996178 0.0908863 0.0868916 0.1059007 0.1123820 0.1914026 0.0185778 0.0592743 0.0218908 0.0348589 0.2048574 0.0220047 0.0253595 0.0936031 0.0746861 0.1261382 0.0421843 0.0446333 0.0544287 0.2357192 0.2057207 0.1767400 0.1190948 0.0578225 0.0697691 0.1005858 
AY661196.1 0.0355994 0.0092298 0.0251435 0.0597005 0.0510219 0.0512395 0.0510645 0.0383409 0.0218430 0.0187199 0.0510292 0.0154826 0.0186161 0.0186161 0.0218320 0.0000000 0.0123609 0.0030474 0.0250697 0.0000010 0.0061442 0.0123573 0.0187164 0.0030474 0.0030537 0.0122765 0.0061224 0.0122629 0.0091955 0.0416545 0.0384983 0.0523557 0.0217999 0.0349224 0.0349224 0.0383409 0.0414247 0.0418735 0.0316002 0.0350615 0.0315947 0.0480370 0.0323685 0.0284027 0.0283311 0.0348128 0.0348188 0.0283272 0.0316291 0.0250247 0.0283311 0.0357711 0.0346682 0.0412208 0.0323915 0.0325016 0.0323915 0.0356048 0.0250905 0.0566656 0.0250247 0.0355994 0.0282557 0.0548397 0.0281348 0.0548680 0.0548680 0.0322506 0.0322506 0.0322594 0.0601731 0.0322594 0.0639010 0.0601731 0.0417484 0.0568426 0.0416023 0.0429401 0.0501035 0.0501035 0.0499883 0.0535057 0.0534597 0.0515473 0.0599212 0.0568844 0.0535192 0.0568844 0.0582752 0.0599212 0.0536608 0.0531546 0.0531546 0.0637833 0.0497430 0.0536422 0.0462957 0.0537612 0.0565498 0.0600830 0.0605261 0.0655839 0.0534014 0.0480033 0.0532363 0.0583389 0.0619731 0.0657319 0.0657319 0.0549554 0.0583389 0.0534403 0.0740897 0.0618140 0.0568491 0.0688096 0.0789865 0.0831656 0.0910970 0.0942172 0.0901230 0.0798152 0.0798152 0.0875542 0.0983635 0.1165747 0.1123694 0.1629035 0.1284195 0.1706206 0.1515304 0.1661134 0.1819040 0.1820486 0.1741621 0.1042131 0.1042131 0.1036068 0.0825498 0.1007038 0.0724724 0.0685071 0.0548974 0.1475794 0.1475794 0.0652374 0.0988687 0.0763086 0.0835205 0.0759934 0.0754095 0.0314582 0.0547072 0.1696462 0.1515304 0.1096647 0.1171099 0.1165747 0.1722211 0.1619526 0.1583564 0.1595755 0.1638046 0.1637440 0.1243351 0.1595755 0.1617868 0.1683375 0.1683375 0.1610135 0.1661134 0.1858519 0.1755702 0.1705991 0.1729927 0.1816168 0.1838097 0.1782196 0.1782196 0.1820486 0.0724286 0.0483697 0.0283163 0.0123975 0.0122887 0.0587100 0.0381011 0.0840375 0.0758573 0.0720814 0.0902752 0.0964859 0.1716405 0.0092097 0.0419070 0.0250204 0.0251490 0.1760470 0.0187278 0.0220320 0.0781866 0.0607379 0.1095691 0.0282590 0.0346974 0.0390475 0.2148034 0.1853455 0.1582329 0.1104308 0.0545871 0.0730824 0.1039236 
AY661195.1 0.0404088 0.0030698 0.0188184 0.0480250 0.0379386 0.0380945 0.0379603 0.0425458 0.0155686 0.0124536 0.0379372 0.0092166 0.0061471 0.0061471 0.0092688 0.0123609 0.0000000 0.0154873 0.0187609 0.0123609 0.0187391 0.0061299 0.0061788 0.0154873 0.0092444 0.0185780 0.0123551 0.0186810 0.0154629 0.0459369 0.0454764 0.0569468 0.0282740 0.0390287 0.0390287 0.0425458 0.0460161 0.0461834 0.0356168 0.0391904 0.0356109 0.0528267 0.0370810 0.0323440 0.0322617 0.0391829 0.0417069 0.0322570 0.0356488 0.0288569 0.0322617 0.0434189 0.0387383 0.0457783 0.0399441 0.0400855 0.0399441 0.0432156 0.0317531 0.0555310 0.0288569 0.0404088 0.0321736 0.0536705 0.0320324 0.0536991 0.0536991 0.0369431 0.0369431 0.0369505 0.0591449 0.0369505 0.0629802 0.0591449 0.0461935 0.0557098 0.0460274 0.0508492 0.0526009 0.0526009 0.0553486 0.0561426 0.0560921 0.0502746 0.0627959 0.0596578 0.0561596 0.0596578 0.0611557 0.0627959 0.0548102 0.0557625 0.0557625 0.0628614 0.0522096 0.0562929 0.0486144 0.0564209 0.0592942 0.0590538 0.0634560 0.0690795 0.0521605 0.0561789 0.0558511 0.0615550 0.0653322 0.0692404 0.0692404 0.0580488 0.0615550 0.0560729 0.0779122 0.0651576 0.0596189 0.0724010 0.0829019 0.0872458 0.0954607 0.0986493 0.0944083 0.0837967 0.0837967 0.0918128 0.1029571 0.1216862 0.1173440 0.1693442 0.1339294 0.1774918 0.1577913 0.1728312 0.1976342 0.1978191 0.1897401 0.0900579 0.0900579 0.0895314 0.0687630 0.0865848 0.0587934 0.0549820 0.0579868 0.1537422 0.1537422 0.0517490 0.1035047 0.0625124 0.0695687 0.0622440 0.0617731 0.0354532 0.0478856 0.1765549 0.1577913 0.1165756 0.1241843 0.1216862 0.1789330 0.1684705 0.1646575 0.1659564 0.1702960 0.1702300 0.1316045 0.1659564 0.1707416 0.1751521 0.1751521 0.1675697 0.1728312 0.1935753 0.1824565 0.1858570 0.1884127 0.1973467 0.2021761 0.1939006 0.1939006 0.1978191 0.0761549 0.0469921 0.0155858 0.0061494 0.0185959 0.0634010 0.0449986 0.0881944 0.0796910 0.0757730 0.0945747 0.1009803 0.1785466 0.0092044 0.0489597 0.0123951 0.0251266 0.1918470 0.0124586 0.0157034 0.0821746 0.0636858 0.1144998 0.0321784 0.0361907 0.0439799 0.2318010 0.1926429 0.1645288 0.1153326 0.0477671 0.0592965 0.0898058 
AY661194.1 0.0323394 0.0123358 0.0283506 0.0630964 0.0543190 0.0545527 0.0543681 0.0351056 0.0250212 0.0218902 0.0543293 0.0186241 0.0217687 0.0217687 0.0250075 0.0030474 0.0154873 0.0000000 0.0282690 0.0030474 0.0092391 0.0154838 0.0218867 0.0000010 0.0061224 0.0091955 0.0030571 0.0153647 0.0061224 0.0384085 0.0352491 0.0490301 0.0186624 0.0317109 0.0317109 0.0351056 0.0381955 0.0386101 0.0284069 0.0318354 0.0284017 0.0447905 0.0291106 0.0316291 0.0251532 0.0316131 0.0316171 0.0315455 0.0284337 0.0218705 0.0251532 0.0324967 0.0314808 0.0380105 0.0291317 0.0292298 0.0291317 0.0323449 0.0282911 0.0600714 0.0218705 0.0323394 0.0250865 0.0581795 0.0249797 0.0582096 0.0582096 0.0290040 0.0290040 0.0290134 0.0635935 0.0290134 0.0673501 0.0635935 0.0384940 0.0602597 0.0383597 0.0396081 0.0535057 0.0535057 0.0466192 0.0569166 0.0568673 0.0548799 0.0633262 0.0603045 0.0569339 0.0603045 0.0617592 0.0633262 0.0570806 0.0565451 0.0565451 0.0672231 0.0531222 0.0570638 0.0496602 0.0571882 0.0599492 0.0634974 0.0639696 0.0621388 0.0568073 0.0445892 0.0566313 0.0549178 0.0585388 0.0622793 0.0622793 0.0515323 0.0549178 0.0568491 0.0706024 0.0583895 0.0534963 0.0653765 0.0755543 0.0797017 0.0875929 0.0907286 0.0866582 0.0763479 0.0763479 0.0840513 0.0948413 0.1130275 0.1088426 0.1591983 0.1248040 0.1758133 0.1470167 0.1614377 0.1871420 0.1772765 0.1744042 0.1077555 0.1077555 0.1071298 0.0860115 0.1042391 0.0759114 0.0719096 0.0514764 0.1477917 0.1477917 0.0686311 0.0953261 0.0797749 0.0870233 0.0794488 0.0788365 0.0282795 0.0514395 0.1698875 0.1470167 0.1061161 0.1135448 0.1130275 0.1684750 0.1658437 0.1546750 0.1558636 0.1600815 0.1600231 0.1207346 0.1558636 0.1572539 0.1636179 0.1636179 0.1572203 0.1614377 0.1810379 0.1708735 0.1659553 0.1732318 0.1768561 0.1789870 0.1734660 0.1734660 0.1772765 0.0689812 0.0517008 0.0315329 0.0155343 0.0092048 0.0553930 0.0348871 0.0805318 0.0724116 0.0686547 0.0868027 0.0929999 0.1668924 0.0123093 0.0386387 0.0282107 0.0283574 0.1800681 0.0218997 0.0252378 0.0746696 0.0641934 0.1060223 0.0314700 0.0315071 0.0357693 0.2097299 0.1804669 0.1545529 0.1069211 0.0579195 0.0765473 0.1074569 
