0.00000000000000000000000000000000000000000000000000000000000000000000000000000000 0.00010000000000000000479217360238592959831294137984514236450195312500000000000000 0.00010000000000000000479217360238592959831294137984514236450195312500000000000000 2.26195753070218996683138357184361666440963745117187500000000000000000000000000000 0.00010000000000000000479217360238592959831294137984514236450195312500000000000000 0.00010000000000000000479217360238592959831294137984514236450195312500000000000000 2.17521574023208508208426792407408356666564941406250000000000000000000000000000000 0.00010000000000000000479217360238592959831294137984514236450195312500000000000000 0.00010000000000000000479217360238592959831294137984514236450195312500000000000000 0.00010000000000000000479217360238592959831294137984514236450195312500000000000000 0.00010000000000000000479217360238592959831294137984514236450195312500000000000000 0.00010000000000000000479217360238592959831294137984514236450195312500000000000000 0.00010000000000000000479217360238592959831294137984514236450195312500000000000000 0.00010000000000000000479217360238592959831294137984514236450195312500000000000000 2.03046536841122193806086215772666037082672119140625000000000000000000000000000000 3.26143600783430986922439842601306736469268798828125000000000000000000000000000000 14.40029104252558767029768205247819423675537109375000000000000000000000000000000000 0.00010000000000000000479217360238592959831294137984514236450195312500000000000000 0.00010000000000000000479217360238592959831294137984514236450195312500000000000000 5.37281331139892515125211502891033887863159179687500000000000000000000000000000000 
0.00010000000000000000479217360238592959831294137984514236450195312500000000000000 0.00000000000000000000000000000000000000000000000000000000000000000000000000000000 0.00010000000000000000479217360238592959831294137984514236450195312500000000000000 0.00010000000000000000479217360238592959831294137984514236450195312500000000000000 0.00010000000000000000479217360238592959831294137984514236450195312500000000000000 10.09603428025031490733454120345413684844970703125000000000000000000000000000000000 0.00010000000000000000479217360238592959831294137984514236450195312500000000000000 11.80732187033169466872095654252916574478149414062500000000000000000000000000000000 2.82055979527337141732346026401501148939132690429687500000000000000000000000000000 4.14781183612312531749921618029475212097167968750000000000000000000000000000000000 0.74446905514740580045440765388775616884231567382812500000000000000000000000000000 29.31742058125478678221043082885444164276123046875000000000000000000000000000000000 0.00010000000000000000479217360238592959831294137984514236450195312500000000000000 0.00010000000000000000479217360238592959831294137984514236450195312500000000000000 0.86239807760615871945475419124704785645008087158203125000000000000000000000000000 2.93060212495200289595231879502534866333007812500000000000000000000000000000000000 0.00010000000000000000479217360238592959831294137984514236450195312500000000000000 2.57249547924622268268990410433616489171981811523437500000000000000000000000000000 0.00010000000000000000479217360238592959831294137984514236450195312500000000000000 0.83318601247884249705322190493461675941944122314453125000000000000000000000000000 
0.00010000000000000000479217360238592959831294137984514236450195312500000000000000 0.00010000000000000000479217360238592959831294137984514236450195312500000000000000 0.00000000000000000000000000000000000000000000000000000000000000000000000000000000 19.12898112405427397675339307170361280441284179687500000000000000000000000000000000 0.00010000000000000000479217360238592959831294137984514236450195312500000000000000 0.00010000000000000000479217360238592959831294137984514236450195312500000000000000 0.00010000000000000000479217360238592959831294137984514236450195312500000000000000 0.00010000000000000000479217360238592959831294137984514236450195312500000000000000 4.01340495827480570056877695606090128421783447265625000000000000000000000000000000 2.03959172331151528112513915402814745903015136718750000000000000000000000000000000 0.00010000000000000000479217360238592959831294137984514236450195312500000000000000 15.24553179027818750057576835388317704200744628906250000000000000000000000000000000 0.00010000000000000000479217360238592959831294137984514236450195312500000000000000 0.00010000000000000000479217360238592959831294137984514236450195312500000000000000 0.00010000000000000000479217360238592959831294137984514236450195312500000000000000 8.71980521811935993525821686489507555961608886718750000000000000000000000000000000 6.12332406934735562487048809998668730258941650390625000000000000000000000000000000 0.00010000000000000000479217360238592959831294137984514236450195312500000000000000 1.35069027185691892256613755307625979185104370117187500000000000000000000000000000 0.00010000000000000000479217360238592959831294137984514236450195312500000000000000 
2.26195753070218996683138357184361666440963745117187500000000000000000000000000000 0.00010000000000000000479217360238592959831294137984514236450195312500000000000000 19.12898112405427397675339307170361280441284179687500000000000000000000000000000000 0.00000000000000000000000000000000000000000000000000000000000000000000000000000000 0.00010000000000000000479217360238592959831294137984514236450195312500000000000000 0.00010000000000000000479217360238592959831294137984514236450195312500000000000000 32.92304687087479209139928570948541164398193359375000000000000000000000000000000000 14.38782179134300065470597473904490470886230468750000000000000000000000000000000000 0.00010000000000000000479217360238592959831294137984514236450195312500000000000000 0.00010000000000000000479217360238592959831294137984514236450195312500000000000000 0.00010000000000000000479217360238592959831294137984514236450195312500000000000000 0.00010000000000000000479217360238592959831294137984514236450195312500000000000000 0.00010000000000000000479217360238592959831294137984514236450195312500000000000000 0.00010000000000000000479217360238592959831294137984514236450195312500000000000000 0.00010000000000000000479217360238592959831294137984514236450195312500000000000000 0.44054168524641695858790058082377072423696517944335937500000000000000000000000000 0.00010000000000000000479217360238592959831294137984514236450195312500000000000000 0.00010000000000000000479217360238592959831294137984514236450195312500000000000000 0.00010000000000000000479217360238592959831294137984514236450195312500000000000000 2.83428070180024782587224763119593262672424316406250000000000000000000000000000000 
0.00010000000000000000479217360238592959831294137984514236450195312500000000000000 0.00010000000000000000479217360238592959831294137984514236450195312500000000000000 0.00010000000000000000479217360238592959831294137984514236450195312500000000000000 0.00010000000000000000479217360238592959831294137984514236450195312500000000000000 0.00000000000000000000000000000000000000000000000000000000000000000000000000000000 0.00010000000000000000479217360238592959831294137984514236450195312500000000000000 0.00010000000000000000479217360238592959831294137984514236450195312500000000000000 0.00010000000000000000479217360238592959831294137984514236450195312500000000000000 0.00010000000000000000479217360238592959831294137984514236450195312500000000000000 0.00010000000000000000479217360238592959831294137984514236450195312500000000000000 0.00010000000000000000479217360238592959831294137984514236450195312500000000000000 0.00010000000000000000479217360238592959831294137984514236450195312500000000000000 0.00010000000000000000479217360238592959831294137984514236450195312500000000000000 3.57818532319985926903882500482723116874694824218750000000000000000000000000000000 0.00010000000000000000479217360238592959831294137984514236450195312500000000000000 1.81295086596039878301667158666532486677169799804687500000000000000000000000000000 0.00010000000000000000479217360238592959831294137984514236450195312500000000000000 0.00010000000000000000479217360238592959831294137984514236450195312500000000000000 0.00010000000000000000479217360238592959831294137984514236450195312500000000000000 0.00010000000000000000479217360238592959831294137984514236450195312500000000000000 
0.00010000000000000000479217360238592959831294137984514236450195312500000000000000 10.09603428025031490733454120345413684844970703125000000000000000000000000000000000 0.00010000000000000000479217360238592959831294137984514236450195312500000000000000 0.00010000000000000000479217360238592959831294137984514236450195312500000000000000 0.00010000000000000000479217360238592959831294137984514236450195312500000000000000 0.00000000000000000000000000000000000000000000000000000000000000000000000000000000 0.00010000000000000000479217360238592959831294137984514236450195312500000000000000 0.00010000000000000000479217360238592959831294137984514236450195312500000000000000 26.42429536819652824419790704268962144851684570312500000000000000000000000000000000 0.00010000000000000000479217360238592959831294137984514236450195312500000000000000 13.83357772877175584369524585781618952751159667968750000000000000000000000000000000 9.57447190326362829182471614331007003784179687500000000000000000000000000000000000 0.00010000000000000000479217360238592959831294137984514236450195312500000000000000 0.00010000000000000000479217360238592959831294137984514236450195312500000000000000 1.53314943329388198023366385314147919416427612304687500000000000000000000000000000 0.00010000000000000000479217360238592959831294137984514236450195312500000000000000 0.00010000000000000000479217360238592959831294137984514236450195312500000000000000 0.00010000000000000000479217360238592959831294137984514236450195312500000000000000 0.00010000000000000000479217360238592959831294137984514236450195312500000000000000 0.00010000000000000000479217360238592959831294137984514236450195312500000000000000 
2.17521574023208508208426792407408356666564941406250000000000000000000000000000000 0.00010000000000000000479217360238592959831294137984514236450195312500000000000000 0.00010000000000000000479217360238592959831294137984514236450195312500000000000000 32.92304687087479209139928570948541164398193359375000000000000000000000000000000000 0.00010000000000000000479217360238592959831294137984514236450195312500000000000000 0.00010000000000000000479217360238592959831294137984514236450195312500000000000000 0.00000000000000000000000000000000000000000000000000000000000000000000000000000000 11.67758220640066824103087128605693578720092773437500000000000000000000000000000000 0.00010000000000000000479217360238592959831294137984514236450195312500000000000000 0.00010000000000000000479217360238592959831294137984514236450195312500000000000000 0.00010000000000000000479217360238592959831294137984514236450195312500000000000000 26.79147888661441712088162603322416543960571289062500000000000000000000000000000000 0.00010000000000000000479217360238592959831294137984514236450195312500000000000000 0.00010000000000000000479217360238592959831294137984514236450195312500000000000000 0.00010000000000000000479217360238592959831294137984514236450195312500000000000000 0.00010000000000000000479217360238592959831294137984514236450195312500000000000000 0.00010000000000000000479217360238592959831294137984514236450195312500000000000000 0.00010000000000000000479217360238592959831294137984514236450195312500000000000000 0.00010000000000000000479217360238592959831294137984514236450195312500000000000000 1.71634464759194682592635672335745766758918762207031250000000000000000000000000000 
0.00010000000000000000479217360238592959831294137984514236450195312500000000000000 11.80732187033169466872095654252916574478149414062500000000000000000000000000000000 0.00010000000000000000479217360238592959831294137984514236450195312500000000000000 14.38782179134300065470597473904490470886230468750000000000000000000000000000000000 0.00010000000000000000479217360238592959831294137984514236450195312500000000000000 0.00010000000000000000479217360238592959831294137984514236450195312500000000000000 11.67758220640066824103087128605693578720092773437500000000000000000000000000000000 0.00000000000000000000000000000000000000000000000000000000000000000000000000000000 0.00010000000000000000479217360238592959831294137984514236450195312500000000000000 0.00010000000000000000479217360238592959831294137984514236450195312500000000000000 0.00010000000000000000479217360238592959831294137984514236450195312500000000000000 0.65348507990110560328389510686974972486495971679687500000000000000000000000000000 0.00010000000000000000479217360238592959831294137984514236450195312500000000000000 0.00010000000000000000479217360238592959831294137984514236450195312500000000000000 0.00010000000000000000479217360238592959831294137984514236450195312500000000000000 4.61657513961218857190260678180493414402008056640625000000000000000000000000000000 0.00010000000000000000479217360238592959831294137984514236450195312500000000000000 0.00010000000000000000479217360238592959831294137984514236450195312500000000000000 0.00010000000000000000479217360238592959831294137984514236450195312500000000000000 2.15617581491434107121563101827632635831832885742187500000000000000000000000000000 
0.00010000000000000000479217360238592959831294137984514236450195312500000000000000 2.82055979527337141732346026401501148939132690429687500000000000000000000000000000 4.01340495827480570056877695606090128421783447265625000000000000000000000000000000 0.00010000000000000000479217360238592959831294137984514236450195312500000000000000 0.00010000000000000000479217360238592959831294137984514236450195312500000000000000 26.42429536819652824419790704268962144851684570312500000000000000000000000000000000 0.00010000000000000000479217360238592959831294137984514236450195312500000000000000 0.00010000000000000000479217360238592959831294137984514236450195312500000000000000 0.00000000000000000000000000000000000000000000000000000000000000000000000000000000 0.00010000000000000000479217360238592959831294137984514236450195312500000000000000 2.34344340868422618129329748626332730054855346679687500000000000000000000000000000 0.00010000000000000000479217360238592959831294137984514236450195312500000000000000 0.00010000000000000000479217360238592959831294137984514236450195312500000000000000 0.00010000000000000000479217360238592959831294137984514236450195312500000000000000 2.64179431286307320192463521379977464675903320312500000000000000000000000000000000 0.00010000000000000000479217360238592959831294137984514236450195312500000000000000 2.20376885111383113979854897479526698589324951171875000000000000000000000000000000 0.00010000000000000000479217360238592959831294137984514236450195312500000000000000 16.37681927427624017923335486557334661483764648437500000000000000000000000000000000 0.00010000000000000000479217360238592959831294137984514236450195312500000000000000 
0.00010000000000000000479217360238592959831294137984514236450195312500000000000000 4.14781183612312531749921618029475212097167968750000000000000000000000000000000000 2.03959172331151528112513915402814745903015136718750000000000000000000000000000000 0.00010000000000000000479217360238592959831294137984514236450195312500000000000000 0.00010000000000000000479217360238592959831294137984514236450195312500000000000000 0.00010000000000000000479217360238592959831294137984514236450195312500000000000000 0.00010000000000000000479217360238592959831294137984514236450195312500000000000000 0.00010000000000000000479217360238592959831294137984514236450195312500000000000000 0.00010000000000000000479217360238592959831294137984514236450195312500000000000000 0.00000000000000000000000000000000000000000000000000000000000000000000000000000000 7.94558693676447447273858415428549051284790039062500000000000000000000000000000000 2.96342454328124027540525275981053709983825683593750000000000000000000000000000000 82.05387700379517923465755302459001541137695312500000000000000000000000000000000000 0.00010000000000000000479217360238592959831294137984514236450195312500000000000000 0.00010000000000000000479217360238592959831294137984514236450195312500000000000000 4.70938216033495304913003565161488950252532958984375000000000000000000000000000000 17.44026224341572373077724478207528591156005859375000000000000000000000000000000000 0.00010000000000000000479217360238592959831294137984514236450195312500000000000000 0.00010000000000000000479217360238592959831294137984514236450195312500000000000000 43.36559543800080973596777766942977905273437500000000000000000000000000000000000000 
0.00010000000000000000479217360238592959831294137984514236450195312500000000000000 0.74446905514740580045440765388775616884231567382812500000000000000000000000000000 0.00010000000000000000479217360238592959831294137984514236450195312500000000000000 0.00010000000000000000479217360238592959831294137984514236450195312500000000000000 0.00010000000000000000479217360238592959831294137984514236450195312500000000000000 13.83357772877175584369524585781618952751159667968750000000000000000000000000000000 0.00010000000000000000479217360238592959831294137984514236450195312500000000000000 0.00010000000000000000479217360238592959831294137984514236450195312500000000000000 2.34344340868422618129329748626332730054855346679687500000000000000000000000000000 7.94558693676447447273858415428549051284790039062500000000000000000000000000000000 0.00000000000000000000000000000000000000000000000000000000000000000000000000000000 0.00010000000000000000479217360238592959831294137984514236450195312500000000000000 13.20216558572237275370753195602446794509887695312500000000000000000000000000000000 10.33918068110971510975559795042499899864196777343750000000000000000000000000000000 0.68397979538785191877536817628424614667892456054687500000000000000000000000000000 0.72838227077782324858645779386279173195362091064453125000000000000000000000000000 0.00010000000000000000479217360238592959831294137984514236450195312500000000000000 0.00010000000000000000479217360238592959831294137984514236450195312500000000000000 0.00010000000000000000479217360238592959831294137984514236450195312500000000000000 1.21851549932653102636948005965678021311759948730468750000000000000000000000000000 
0.00010000000000000000479217360238592959831294137984514236450195312500000000000000 29.31742058125478678221043082885444164276123046875000000000000000000000000000000000 15.24553179027818750057576835388317704200744628906250000000000000000000000000000000 0.00010000000000000000479217360238592959831294137984514236450195312500000000000000 0.00010000000000000000479217360238592959831294137984514236450195312500000000000000 9.57447190326362829182471614331007003784179687500000000000000000000000000000000000 26.79147888661441712088162603322416543960571289062500000000000000000000000000000000 0.65348507990110560328389510686974972486495971679687500000000000000000000000000000 0.00010000000000000000479217360238592959831294137984514236450195312500000000000000 2.96342454328124027540525275981053709983825683593750000000000000000000000000000000 0.00010000000000000000479217360238592959831294137984514236450195312500000000000000 0.00000000000000000000000000000000000000000000000000000000000000000000000000000000 0.00010000000000000000479217360238592959831294137984514236450195312500000000000000 0.00010000000000000000479217360238592959831294137984514236450195312500000000000000 0.00010000000000000000479217360238592959831294137984514236450195312500000000000000 0.00010000000000000000479217360238592959831294137984514236450195312500000000000000 4.84600076047484673580356684396974742412567138671875000000000000000000000000000000 0.00010000000000000000479217360238592959831294137984514236450195312500000000000000 0.00010000000000000000479217360238592959831294137984514236450195312500000000000000 0.00010000000000000000479217360238592959831294137984514236450195312500000000000000 
0.00010000000000000000479217360238592959831294137984514236450195312500000000000000 0.00010000000000000000479217360238592959831294137984514236450195312500000000000000 0.00010000000000000000479217360238592959831294137984514236450195312500000000000000 0.00010000000000000000479217360238592959831294137984514236450195312500000000000000 0.00010000000000000000479217360238592959831294137984514236450195312500000000000000 0.00010000000000000000479217360238592959831294137984514236450195312500000000000000 0.00010000000000000000479217360238592959831294137984514236450195312500000000000000 0.00010000000000000000479217360238592959831294137984514236450195312500000000000000 0.00010000000000000000479217360238592959831294137984514236450195312500000000000000 82.05387700379517923465755302459001541137695312500000000000000000000000000000000000 13.20216558572237275370753195602446794509887695312500000000000000000000000000000000 0.00010000000000000000479217360238592959831294137984514236450195312500000000000000 0.00000000000000000000000000000000000000000000000000000000000000000000000000000000 0.00010000000000000000479217360238592959831294137984514236450195312500000000000000 0.00010000000000000000479217360238592959831294137984514236450195312500000000000000 0.00010000000000000000479217360238592959831294137984514236450195312500000000000000 0.00010000000000000000479217360238592959831294137984514236450195312500000000000000 0.00010000000000000000479217360238592959831294137984514236450195312500000000000000 0.00010000000000000000479217360238592959831294137984514236450195312500000000000000 0.00010000000000000000479217360238592959831294137984514236450195312500000000000000 
0.00010000000000000000479217360238592959831294137984514236450195312500000000000000 0.00010000000000000000479217360238592959831294137984514236450195312500000000000000 0.00010000000000000000479217360238592959831294137984514236450195312500000000000000 0.00010000000000000000479217360238592959831294137984514236450195312500000000000000 3.57818532319985926903882500482723116874694824218750000000000000000000000000000000 0.00010000000000000000479217360238592959831294137984514236450195312500000000000000 0.00010000000000000000479217360238592959831294137984514236450195312500000000000000 0.00010000000000000000479217360238592959831294137984514236450195312500000000000000 0.00010000000000000000479217360238592959831294137984514236450195312500000000000000 0.00010000000000000000479217360238592959831294137984514236450195312500000000000000 10.33918068110971510975559795042499899864196777343750000000000000000000000000000000 0.00010000000000000000479217360238592959831294137984514236450195312500000000000000 0.00010000000000000000479217360238592959831294137984514236450195312500000000000000 0.00000000000000000000000000000000000000000000000000000000000000000000000000000000 0.00010000000000000000479217360238592959831294137984514236450195312500000000000000 2.82148398549846257665763005206827074289321899414062500000000000000000000000000000 0.00010000000000000000479217360238592959831294137984514236450195312500000000000000 0.00010000000000000000479217360238592959831294137984514236450195312500000000000000 10.18334717152213464430587919196113944053649902343750000000000000000000000000000000 3.53469269892082404993516320246271789073944091796875000000000000000000000000000000 
2.03046536841122193806086215772666037082672119140625000000000000000000000000000000 0.86239807760615871945475419124704785645008087158203125000000000000000000000000000 0.00010000000000000000479217360238592959831294137984514236450195312500000000000000 0.00010000000000000000479217360238592959831294137984514236450195312500000000000000 0.00010000000000000000479217360238592959831294137984514236450195312500000000000000 1.53314943329388198023366385314147919416427612304687500000000000000000000000000000 0.00010000000000000000479217360238592959831294137984514236450195312500000000000000 0.00010000000000000000479217360238592959831294137984514236450195312500000000000000 2.64179431286307320192463521379977464675903320312500000000000000000000000000000000 0.00010000000000000000479217360238592959831294137984514236450195312500000000000000 0.68397979538785191877536817628424614667892456054687500000000000000000000000000000 0.00010000000000000000479217360238592959831294137984514236450195312500000000000000 0.00010000000000000000479217360238592959831294137984514236450195312500000000000000 0.00010000000000000000479217360238592959831294137984514236450195312500000000000000 0.00000000000000000000000000000000000000000000000000000000000000000000000000000000 8.49450095186119291668092046165838837623596191406250000000000000000000000000000000 1.31757576167859702387374909449135884642601013183593750000000000000000000000000000 0.00010000000000000000479217360238592959831294137984514236450195312500000000000000 0.00010000000000000000479217360238592959831294137984514236450195312500000000000000 0.00010000000000000000479217360238592959831294137984514236450195312500000000000000 
3.26143600783430986922439842601306736469268798828125000000000000000000000000000000 2.93060212495200289595231879502534866333007812500000000000000000000000000000000000 8.71980521811935993525821686489507555961608886718750000000000000000000000000000000 0.44054168524641695858790058082377072423696517944335937500000000000000000000000000 1.81295086596039878301667158666532486677169799804687500000000000000000000000000000 0.00010000000000000000479217360238592959831294137984514236450195312500000000000000 0.00010000000000000000479217360238592959831294137984514236450195312500000000000000 4.61657513961218857190260678180493414402008056640625000000000000000000000000000000 0.00010000000000000000479217360238592959831294137984514236450195312500000000000000 4.70938216033495304913003565161488950252532958984375000000000000000000000000000000 0.72838227077782324858645779386279173195362091064453125000000000000000000000000000 0.00010000000000000000479217360238592959831294137984514236450195312500000000000000 0.00010000000000000000479217360238592959831294137984514236450195312500000000000000 2.82148398549846257665763005206827074289321899414062500000000000000000000000000000 8.49450095186119291668092046165838837623596191406250000000000000000000000000000000 0.00000000000000000000000000000000000000000000000000000000000000000000000000000000 0.65707055052791230043141013084095902740955352783203125000000000000000000000000000 0.00010000000000000000479217360238592959831294137984514236450195312500000000000000 3.63635136092799848839263177069369703531265258789062500000000000000000000000000000 0.00010000000000000000479217360238592959831294137984514236450195312500000000000000 
14.40029104252558767029768205247819423675537109375000000000000000000000000000000000 0.00010000000000000000479217360238592959831294137984514236450195312500000000000000 6.12332406934735562487048809998668730258941650390625000000000000000000000000000000 0.00010000000000000000479217360238592959831294137984514236450195312500000000000000 0.00010000000000000000479217360238592959831294137984514236450195312500000000000000 0.00010000000000000000479217360238592959831294137984514236450195312500000000000000 0.00010000000000000000479217360238592959831294137984514236450195312500000000000000 0.00010000000000000000479217360238592959831294137984514236450195312500000000000000 2.20376885111383113979854897479526698589324951171875000000000000000000000000000000 17.44026224341572373077724478207528591156005859375000000000000000000000000000000000 0.00010000000000000000479217360238592959831294137984514236450195312500000000000000 4.84600076047484673580356684396974742412567138671875000000000000000000000000000000 0.00010000000000000000479217360238592959831294137984514236450195312500000000000000 0.00010000000000000000479217360238592959831294137984514236450195312500000000000000 1.31757576167859702387374909449135884642601013183593750000000000000000000000000000 0.65707055052791230043141013084095902740955352783203125000000000000000000000000000 0.00000000000000000000000000000000000000000000000000000000000000000000000000000000 0.00010000000000000000479217360238592959831294137984514236450195312500000000000000 1.01477311107438983306394675310002639889717102050781250000000000000000000000000000 0.00010000000000000000479217360238592959831294137984514236450195312500000000000000 
0.00010000000000000000479217360238592959831294137984514236450195312500000000000000 2.57249547924622268268990410433616489171981811523437500000000000000000000000000000 0.00010000000000000000479217360238592959831294137984514236450195312500000000000000 0.00010000000000000000479217360238592959831294137984514236450195312500000000000000 0.00010000000000000000479217360238592959831294137984514236450195312500000000000000 0.00010000000000000000479217360238592959831294137984514236450195312500000000000000 0.00010000000000000000479217360238592959831294137984514236450195312500000000000000 0.00010000000000000000479217360238592959831294137984514236450195312500000000000000 0.00010000000000000000479217360238592959831294137984514236450195312500000000000000 0.00010000000000000000479217360238592959831294137984514236450195312500000000000000 0.00010000000000000000479217360238592959831294137984514236450195312500000000000000 0.00010000000000000000479217360238592959831294137984514236450195312500000000000000 0.00010000000000000000479217360238592959831294137984514236450195312500000000000000 0.00010000000000000000479217360238592959831294137984514236450195312500000000000000 0.00010000000000000000479217360238592959831294137984514236450195312500000000000000 0.00010000000000000000479217360238592959831294137984514236450195312500000000000000 0.00010000000000000000479217360238592959831294137984514236450195312500000000000000 0.00000000000000000000000000000000000000000000000000000000000000000000000000000000 0.00010000000000000000479217360238592959831294137984514236450195312500000000000000 0.00010000000000000000479217360238592959831294137984514236450195312500000000000000 
0.00010000000000000000479217360238592959831294137984514236450195312500000000000000 0.00010000000000000000479217360238592959831294137984514236450195312500000000000000 1.35069027185691892256613755307625979185104370117187500000000000000000000000000000 0.00010000000000000000479217360238592959831294137984514236450195312500000000000000 0.00010000000000000000479217360238592959831294137984514236450195312500000000000000 0.00010000000000000000479217360238592959831294137984514236450195312500000000000000 0.00010000000000000000479217360238592959831294137984514236450195312500000000000000 0.00010000000000000000479217360238592959831294137984514236450195312500000000000000 16.37681927427624017923335486557334661483764648437500000000000000000000000000000000 0.00010000000000000000479217360238592959831294137984514236450195312500000000000000 0.00010000000000000000479217360238592959831294137984514236450195312500000000000000 0.00010000000000000000479217360238592959831294137984514236450195312500000000000000 0.00010000000000000000479217360238592959831294137984514236450195312500000000000000 10.18334717152213464430587919196113944053649902343750000000000000000000000000000000 0.00010000000000000000479217360238592959831294137984514236450195312500000000000000 3.63635136092799848839263177069369703531265258789062500000000000000000000000000000 1.01477311107438983306394675310002639889717102050781250000000000000000000000000000 0.00010000000000000000479217360238592959831294137984514236450195312500000000000000 0.00000000000000000000000000000000000000000000000000000000000000000000000000000000 1.00000000000000000000000000000000000000000000000000000000000000000000000000000000 
5.37281331139892515125211502891033887863159179687500000000000000000000000000000000 0.83318601247884249705322190493461675941944122314453125000000000000000000000000000 0.00010000000000000000479217360238592959831294137984514236450195312500000000000000 2.83428070180024782587224763119593262672424316406250000000000000000000000000000000 0.00010000000000000000479217360238592959831294137984514236450195312500000000000000 0.00010000000000000000479217360238592959831294137984514236450195312500000000000000 1.71634464759194682592635672335745766758918762207031250000000000000000000000000000 2.15617581491434107121563101827632635831832885742187500000000000000000000000000000 0.00010000000000000000479217360238592959831294137984514236450195312500000000000000 43.36559543800080973596777766942977905273437500000000000000000000000000000000000000 1.21851549932653102636948005965678021311759948730468750000000000000000000000000000 0.00010000000000000000479217360238592959831294137984514236450195312500000000000000 0.00010000000000000000479217360238592959831294137984514236450195312500000000000000 3.53469269892082404993516320246271789073944091796875000000000000000000000000000000 0.00010000000000000000479217360238592959831294137984514236450195312500000000000000 0.00010000000000000000479217360238592959831294137984514236450195312500000000000000 0.00010000000000000000479217360238592959831294137984514236450195312500000000000000 0.00010000000000000000479217360238592959831294137984514236450195312500000000000000 1.00000000000000000000000000000000000000000000000000000000000000000000000000000000 0.00000000000000000000000000000000000000000000000000000000000000000000000000000000 
0.04433391520600685198338908321602502837777137756347656250000000000000000000000000 0.05309787417202708331709359868000319693237543106079101562500000000000000000000000 0.07765608933738253616407831714241183362901210784912109375000000000000000000000000 0.05271527296205073820356545866161468438804149627685546875000000000000000000000000 0.02745163681580143483218492406194854993373155593872070312500000000000000000000000 0.03568951911810420984938474475711700506508350372314453125000000000000000000000000 0.03034505846624740640904427380064589669927954673767089843750000000000000000000000 0.07446376049164254995460510144766885787248611450195312500000000000000000000000000 0.02060068389966283192160645398871565703302621841430664062500000000000000000000000 0.06419330926134055037568515444945660419762134552001953125000000000000000000000000 0.07287357421267845469792234780470607802271842956542968750000000000000000000000000 0.05546521915875559510800130169627664145082235336303710937500000000000000000000000 0.00967263683971400674288521059906997834332287311553955078125000000000000000000000 0.02822879552356584789696292148164502577856183052062988281250000000000000000000000 0.05850211626294268829617806204623775556683540344238281250000000000000000000000000 0.09695353786556351605163683871069224551320075988769531250000000000000000000000000 0.08008321576316985990207086842929129488766193389892578125000000000000000000000000 0.01822138262512255565961361014615249587222933769226074218750000000000000000000000 0.03823620842200913666486528086352336686104536056518554687500000000000000000000000 0.06121619359621225525680543455564475152641534805297851562500000000000000000000000 
