Strain,gisaid_epi_isl
Wuhan/HBCDC-HB-01/2019,EPI_ISL_402132
Wuhan/WH01/2019,EPI_ISL_406798
Singapore/165/2020,EPI_ISL_462283
Wuhan/IPBCAMS-WH-01/2019,EPI_ISL_402123
Thailand/Bangkok_168/2020,EPI_ISL_450196
Thailand/SI200615-NT/2020,EPI_ISL_437618
Canada/ON_VIDO-01/2020,EPI_ISL_413015
Canada/ON_ON-VIDO-01-2/2020,EPI_ISL_425177
USA/CA-CDC-3/2020,EPI_ISL_408008
USA/CA-CDC-4/2020,EPI_ISL_408009
Sichuan/SC-MY-056/2020,EPI_ISL_451322
Egypt/CUNCI-HGC028/2020,EPI_ISL_468062
USA/NM-UNM-00273/2020,EPI_ISL_508110
Australia/WA04/2020,EPI_ISL_420536
Malaysia/IMR_WC119/2020,EPI_ISL_455790
England/01/2020,EPI_ISL_407071
England/02/2020,EPI_ISL_407073
SouthKorea/KCDC05/2020,EPI_ISL_412869
SouthKorea/KCDC2061/2020,EPI_ISL_497962
Thailand/SI202769-NT/2020,EPI_ISL_437614
Thailand/SI202620-NT/2020,EPI_ISL_437615
Thailand/Bangkok-CONI-0228/2020,EPI_ISL_512870
Thailand/SI203285-NT/2020,EPI_ISL_437612
SouthKorea/KCDC2051/2020,EPI_ISL_481371
SouthKorea/KCDC06/2020,EPI_ISL_412870
SouthKorea/KCDC2167/2020,EPI_ISL_506961
SouthKorea/KCDC2062/2020,EPI_ISL_497963
USA/AZ1/2020,EPI_ISL_406223
USA/TX1/2020,EPI_ISL_411956
Australia/NSW04/2020,EPI_ISL_417030
Thailand/SI202205-NT/2020,EPI_ISL_437616
UnitedArabEmirates/skmc-920168117/2020,EPI_ISL_582125
UnitedArabEmirates/skmc-920568379/2020,EPI_ISL_582608
UnitedArabEmirates/skmc-920569110/2020,EPI_ISL_582126
UnitedArabEmirates/L5630/2020,EPI_ISL_435137
NewZealand/20VR0276/2020,EPI_ISL_416539
Vietnam/CM99/2020,EPI_ISL_416429
Vietnam/38142/2020,EPI_ISL_416427
Vietnam/VR03-38142/2020,EPI_ISL_408668
USA/IL2/2020,EPI_ISL_410045
USA/DE-DHSS-F917914/2020,EPI_ISL_576227
USA/GA_1445/2020,EPI_ISL_420788
USA/SC_3571/2020,EPI_ISL_424904
USA/GA-QDX-1771/2020,EPI_ISL_604027
Australia/WA302/2020,EPI_ISL_596845
USA/UT-QDX-1847/2020,EPI_ISL_604163
USA/NJ-QDX-2250/2020,EPI_ISL_604557
USA/DC-CDC-8704/2020,EPI_ISL_576178
Panama/330671/2020,EPI_ISL_496669
Panama/332252/2020,EPI_ISL_496706
USA/SC-DHEC-0050/2020,EPI_ISL_491103
USA/SC-DHEC-0099/2020,EPI_ISL_491109
USA/TX-HMH0234/2020,EPI_ISL_434891
USA/UT-QDX-1462/2020,EPI_ISL_603847
USA/HI-QDX-759/2020,EPI_ISL_571528
USA/TX-HMH0207/2020,EPI_ISL_434882
Spain/AR-IBV-2442/2020,EPI_ISL_468776
Panama/328710/2020,EPI_ISL_496606
Panama/329682/2020,EPI_ISL_496642
Panama/329879/2020,EPI_ISL_496654
Panama/335931/2020,EPI_ISL_496828
Panama/335885/2020,EPI_ISL_496824
Panama/331516/2020,EPI_ISL_496685
Panama/334280/2020,EPI_ISL_496772
Panama/334998/2020,EPI_ISL_496799
Panama/338859/2020,EPI_ISL_496887
Panama/330208/2020,EPI_ISL_496660
Panama/335877/2020,EPI_ISL_496823
Panama/332238/2020,EPI_ISL_496705
Panama/338642/2020,EPI_ISL_496874
Panama/334256/2020,EPI_ISL_496770
Panama/337660/2020,EPI_ISL_496863
Panama/333949/2020,EPI_ISL_496757
Panama/340006/2020,EPI_ISL_496901
Panama/337467/2020,EPI_ISL_496861
Panama/340836/2020,EPI_ISL_496906
Panama/336897/2020,EPI_ISL_496854
Panama/337442/2020,EPI_ISL_496860
Spain/PV-IBV-000692/2020,EPI_ISL_452772
Spain/VC-FISABIO-23/2020,EPI_ISL_419687
Georgia/Tb-390/2020,EPI_ISL_416477
Panama/329700/2020,EPI_ISL_496644
Spain/PV-IBV-98001517/2020,EPI_ISL_537914
England/LIVE-9C582/2020,EPI_ISL_449554
Chile/Santiago_16/2020,EPI_ISL_445259
Panama/329628/2020,EPI_ISL_496637
Austria/CeMM0329/2020,EPI_ISL_475796
Kazakhstan/26827/2020,EPI_ISL_454516
Panama/330547/2020,EPI_ISL_496666
Spain/AR-IBV-98005777/2020,EPI_ISL_541034
Kazakhstan/7263/2020,EPI_ISL_454571
Colombia/NAR-INS-94679/2020,EPI_ISL_498162
Spain/AN-IBV-006096/2020,EPI_ISL_510429
Kazakhstan/7341/2020,EPI_ISL_454572
Kazakhstan/16173/2020,EPI_ISL_454497
Poland/Wro-02/2020,EPI_ISL_437625
Spain/PV-IBV-001460/2020,EPI_ISL_467102
Panama/335546/2020,EPI_ISL_496815
Uruguay/UY-NYUMC850/2020,EPI_ISL_457946
Brazil/RJ-0113/2020,EPI_ISL_418959
Senegal/136/2020,EPI_ISL_418216
NewZealand/20CV0287/2020,EPI_ISL_579077
Peru/LIM-INS-168/2020,EPI_ISL_536561
Australia/QLD1107/2020,EPI_ISL_593624
NewZealand/20CV0277/2020,EPI_ISL_579069
Australia/TAS97/2020,EPI_ISL_522767
Australia/TAS80/2020,EPI_ISL_522751
Australia/TAS26/2020,EPI_ISL_522687
Australia/TAS29/2020,EPI_ISL_522706
Australia/TAS37/2020,EPI_ISL_522714
Australia/TAS260/2020,EPI_ISL_522688
Australia/TAS166/2020,EPI_ISL_522621
Australia/TAS259/2020,EPI_ISL_522686
NewZealand/20CV0274/2020,EPI_ISL_579067
Australia/TAS117/2020,EPI_ISL_522583
Australia/TAS194/2020,EPI_ISL_522640
Australia/NSW183/2020,EPI_ISL_427714
Australia/SAP286/2020,EPI_ISL_467998
NewZealand/20CV0276/2020,EPI_ISL_579068
Australia/NSW185/2020,EPI_ISL_427793
Australia/WA134/2020,EPI_ISL_596697
Australia/WA28/2020,EPI_ISL_470845
Australia/QLDID936/2020,EPI_ISL_436098
Australia/NSW199/2020,EPI_ISL_427747
NewZealand/20VR2038/2020,EPI_ISL_456343
Australia/NSW786/2020,EPI_ISL_526128
Australia/NSW804/2020,EPI_ISL_526146
Australia/TAS223/2020,EPI_ISL_522652
NewZealand/20VR2019/2020,EPI_ISL_456336
Australia/QLD1117/2020,EPI_ISL_593633
Australia/WA162/2020,EPI_ISL_596725
Australia/SAP253/2020,EPI_ISL_468027
Australia/TAS81/2020,EPI_ISL_522752
Australia/TAS132/2020,EPI_ISL_522598
Australia/QLD03/2020,EPI_ISL_410717
Australia/QLD02/2020,EPI_ISL_407896
Australia/VIC07/2020,EPI_ISL_416415
Australia/QLD01/2020,EPI_ISL_407894
SierraLeone/KGH-G-8790/2020,EPI_ISL_512821
SierraLeone/KGH-G-8625/2020,EPI_ISL_512816
SierraLeone/KGH-G-8669/2020,EPI_ISL_512820
SierraLeone/KGH-G-8668/2020,EPI_ISL_512819
SierraLeone/KGH-G-8626/2020,EPI_ISL_512817
Nigeria/OS070-CV11/2020,EPI_ISL_455422
Nigeria/OS075-CV12/2020,EPI_ISL_455423
Nigeria/OS030-CV5/2020,EPI_ISL_455415
Nigeria/OS116-CV17/2020,EPI_ISL_455425
Nigeria/OS055-CV8/2020,EPI_ISL_455418
Nigeria/OS125-CV20/2020,EPI_ISL_455427
Senegal/618/2020,EPI_ISL_420077
Mali/M002663/2020,EPI_ISL_487452
Mali/M002698/2020,EPI_ISL_487457
Mali/M002615/2020,EPI_ISL_487447
Egypt/CUNCI-HGC7I02/2020,EPI_ISL_529142
Gabon/ITM-K011/2020,EPI_ISL_539573
SaudiArabia/KAUST-JEDDAH467/2020,EPI_ISL_512922
SaudiArabia/KAUST-JEDDAH468/2020,EPI_ISL_512923
Tunisia/COV0010-12/2020,EPI_ISL_463001
Ghana/2573_S27/2020,EPI_ISL_515082
Ghana/3176_S11/2020,EPI_ISL_422402
Benin/1950/2020,EPI_ISL_476830
Tunisia/MHT_2/2020,EPI_ISL_458286
Egypt/MASRI-009/2020,EPI_ISL_483035
Nigeria/KW298-CV48/2020,EPI_ISL_487107
Benin/2012/2020,EPI_ISL_476831
Ghana/84162_S45/2020,EPI_ISL_515103
Ghana/84260_S28/2020,EPI_ISL_515107
Australia/QLD04/2020,EPI_ISL_410718
Ghana/2828_S6/2020,EPI_ISL_422397
Ghana/34928_S21/2020,EPI_ISL_515087
Senegal/620/2020,EPI_ISL_420078
Ghana/34927_S20/2020,EPI_ISL_515086
Ghana/KATH23/2020,EPI_ISL_515181
Mali/M002675/2020,EPI_ISL_487456
Mali/M002823/2020,EPI_ISL_487463
Japan/PG-0052/2020,EPI_ISL_479815
Mali/M002707/2020,EPI_ISL_487461
Ghana/TTH6/2020,EPI_ISL_515248
Ghana/TTH11/2020,EPI_ISL_515183
Ghana/TTH10/2020,EPI_ISL_515182
Uganda/UG001/2020,EPI_ISL_451183
Mali/M002593/2020,EPI_ISL_487446
Uganda/UG002/2020,EPI_ISL_451184
NewZealand/20CV0316/2020,EPI_ISL_579087
NewZealand/20CV0317/2020,EPI_ISL_579088
Mali/M002618/2020,EPI_ISL_487449
DRC/300/2020,EPI_ISL_420841
Benin/843/2020,EPI_ISL_476829
Mali/M002659/2020,EPI_ISL_487451
Mali/M002616/2020,EPI_ISL_487448
Mali/M002704/2020,EPI_ISL_487460
Australia/WA102/2020,EPI_ISL_512755
Ghana/35280_S41/2020,EPI_ISL_515093
Uganda/UG012/2020,EPI_ISL_451194
Jordan/SR-0336/2020,EPI_ISL_450188
Gabon/ITM-K027/2020,EPI_ISL_539575
UnitedArabEmirates/L6841/2020,EPI_ISL_469280
Benin/461/2020,EPI_ISL_476833
Ghana/84210_S44/2020,EPI_ISL_515105
SouthKorea/KCDC2654/2020,EPI_ISL_516784
Kenya/C314/2020,EPI_ISL_457875
Kenya/C6519/2020,EPI_ISL_568804
UnitedArabEmirates/skmc-3819699/2020,EPI_ISL_582674
UnitedArabEmirates/C2-109/2020,EPI_ISL_528708
UnitedArabEmirates/L3290363526/2020,EPI_ISL_520710
Uganda/UG017/2020,EPI_ISL_451199
Bahrein/BAH-12/2020,EPI_ISL_483553
Nigeria/ED04-CV158/2020,EPI_ISL_527876
Pakistan/NIH-44905/2020,EPI_ISL_468159
Pakistan/NIH-HAS001/2020,EPI_ISL_468163
Australia/WA131/2020,EPI_ISL_596694
Australia/WA201/2020,EPI_ISL_596764
Australia/WA203/2020,EPI_ISL_596766
India/MH-1-31/2020,EPI_ISL_413523
HongKong/HKU-907a/2020,EPI_ISL_434567
Australia/NSW01/2020,EPI_ISL_407893
Belgium/GHB-03021/2020,EPI_ISL_407976
Guangzhou/GZMU0025/2020,EPI_ISL_429084
Taiwan/NTU01/2020,EPI_ISL_408489
Singapore/15/2020,EPI_ISL_418996
Japan/PG-0376/2020,EPI_ISL_480046
Japan/PG-0390/2020,EPI_ISL_480059
Japan/PG-0450/2020,EPI_ISL_480113
Japan/PG-0306/2020,EPI_ISL_479981
Uruguay/UY-8M/2020,EPI_ISL_480345
Chile/Antofagasta_1/2020,EPI_ISL_445266
Peru/UN-INS-087/2020,EPI_ISL_547908
Mexico/QUE-InDRE-18/2020,EPI_ISL_455456
Mexico/QUE-InDRE-04/2020,EPI_ISL_424670
Chile/Talca-1/2020,EPI_ISL_414577
Mexico/CMX-InDRE_03/2020,EPI_ISL_424667
Colombia/ANT-INS-80825/2020,EPI_ISL_456119
Uruguay/UY-5/2020,EPI_ISL_426480
Uruguay/UY-NYUMC864/2020,EPI_ISL_457960
Uruguay/UY-6/2020,EPI_ISL_426481
Uruguay/UY-NYUMC844/2020,EPI_ISL_457940
Uruguay/UY-NYUMC846/2020,EPI_ISL_457942
Uruguay/UY-4/2020,EPI_ISL_426479
Uruguay/UY-2/2020,EPI_ISL_426477
Uruguay/UY-NYUMC856/2020,EPI_ISL_457952
Uruguay/UY-NYUMC855/2020,EPI_ISL_457951
Uruguay/UY-NYUMC869/2020,EPI_ISL_457965
Uruguay/UY-NYUMC847/2020,EPI_ISL_457943
Uruguay/UY-1/2020,EPI_ISL_426476
Uruguay/UY-9/2020,EPI_ISL_426584
Uruguay/UY-NYUMC862/2020,EPI_ISL_457958
Uruguay/UY-NYUMC860/2020,EPI_ISL_457956
Australia/VIC13/2020,EPI_ISL_419733
USA/WA1/2020,EPI_ISL_404895
USA/IL-NM055/2020,EPI_ISL_444551
USA/FL_5091/2020,EPI_ISL_419560
USA/FL-BPHL-1086/2020,EPI_ISL_526572
USA/CA-CDPH-UC1/2020,EPI_ISL_413557
Australia/QLD981/2020,EPI_ISL_530261
Australia/QLD1078/2020,EPI_ISL_593597
USA/TN-QDX-2686/2020,EPI_ISL_605057
USA/WA-S90/2020,EPI_ISL_417143
USA/WA-S89/2020,EPI_ISL_417142
USA/VI-CDC-3688/2020,EPI_ISL_452123
Canada/MB_8/2020,EPI_ISL_418812
Canada/MB-NML-415/2020,EPI_ISL_582251
Mexico/DUR-InDRE-09/2020,EPI_ISL_455432
USA/CA-CDPH-UC7/2020,EPI_ISL_413925
USA/CA-CDPH-UC11/2020,EPI_ISL_413931
Taiwan/TSGH-34/2020,EPI_ISL_447593
Australia/NSW626/2020,EPI_ISL_490035
CostaRica/03/2020,EPI_ISL_434536
Mexico/CMX-InDRE-06/2020,EPI_ISL_424673
USA/MN-MDH-1427/2020,EPI_ISL_514646
NewZealand/20VR1380/2020,EPI_ISL_456215
Panama/328941/2020,EPI_ISL_496617
Uruguay/UY-8/2020,EPI_ISL_426583
NewZealand/20CV0266/2020,EPI_ISL_579061
Australia/VIC1358/2020,EPI_ISL_468067
Australia/VIC1237/2020,EPI_ISL_430525
Ecuador/USFQ-165/2020,EPI_ISL_516650
USA/MT-BHDH-074/2020,EPI_ISL_437433
USA/WA-S123/2020,EPI_ISL_430160
USA/WA-S101/2020,EPI_ISL_417154
Australia/TAS165/2020,EPI_ISL_522620
Australia/QLD982/2020,EPI_ISL_530262
Australia/TAS99/2020,EPI_ISL_522769
USA/VT-CDC-0303/2020,EPI_ISL_447846
USA/NC_6999/2020,EPI_ISL_424871
Australia/QLD988/2020,EPI_ISL_530268
USA/WA-S685/2020,EPI_ISL_449855
USA/ID-QDX-707/2020,EPI_ISL_571433
USA/KY-9E09/2020,EPI_ISL_468065
Australia/SAP407/2020,EPI_ISL_492172
USA/NM-UNM-00042/2020,EPI_ISL_467623
USA/NV-NSPHL-A0051/2020,EPI_ISL_515333
USA/WA-UW-1683/2020,EPI_ISL_424191
Vietnam/HCMC-35022/2020,EPI_ISL_498171
Japan/PG-0010/2020,EPI_ISL_479797
Japan/PG-0015/2020,EPI_ISL_479799
Japan/PG-0016/2020,EPI_ISL_479800
Australia/NSW02/2020,EPI_ISL_408976
Shanghai/SH0047/2020,EPI_ISL_416355
Lishui/LS003/2020,EPI_ISL_495459
Japan/KY-V-029/2020,EPI_ISL_408669
Australia/QLDID922/2020,EPI_ISL_418799
UnitedArabEmirates/skmc-009/2020,EPI_ISL_582618
UnitedArabEmirates/skmc-001/2020,EPI_ISL_582624
UnitedArabEmirates/skmc-2200543130/2020,EPI_ISL_582623
UnitedArabEmirates/skmc-0532497/2020,EPI_ISL_582620
Lithuania/MR-LUHS-Eilnr47/2020,EPI_ISL_603094
Lithuania/MR-LUHS-Eilnr70/2020,EPI_ISL_541871
Lithuania/MR-LUHS-Eilnr12/2020,EPI_ISL_541849
Lithuania/MR-LUHS-Eilnr72/2020,EPI_ISL_541872
Guangdong/20SF840/2020,EPI_ISL_428478
India/MH-1-27/2020,EPI_ISL_413522
Singapore/11/2020,EPI_ISL_410719
Australia/VIC14/2020,EPI_ISL_419734
USA/WI1/2020,EPI_ISL_408670
Nepal/61/2020,EPI_ISL_410301
USA/MA1/2020,EPI_ISL_409067
HongKong/HKU-200723-093/2020,EPI_ISL_497860
Wuhan/Hu-1/2019,EPI_ISL_402125
Wuhan/IPBCAMS-WH-04/2019,EPI_ISL_403929
Wuhan/WIV06/2019,EPI_ISL_402129
Indonesia/JK-EIJK-23/2020,EPI_ISL_568687
Sichuan/SC-NC-076/2020,EPI_ISL_451335
Malaysia/IMR_WC085/2020,EPI_ISL_430443
Malaysia/MKAK-CL-2020-5045/2020,EPI_ISL_416829
Singapore/6nan/2020,EPI_ISL_482680
Singapore/2/2020,EPI_ISL_407987
Singapore/1nan/2020,EPI_ISL_482678
Malaysia/MKAK-CL-2020-5047/2020,EPI_ISL_416866
Vietnam/19-01S/2020,EPI_ISL_418269
Vietnam/19-02S/2020,EPI_ISL_418267
Indonesia/JK-EIJK-32/2020,EPI_ISL_568688
Indonesia/JK-EIJK20/2020,EPI_ISL_574608
Thailand/Nonthaburi_68/2020,EPI_ISL_447910
Cambodia/0012/2020,EPI_ISL_411902
USA/IL1/2020,EPI_ISL_404253
Guangzhou/GZMU0055/2020,EPI_ISL_429105
Singapore/175/2020,EPI_ISL_462293
Japan/OS-20-07-1/2020,EPI_ISL_410532
Taiwan/CGMH-CGU-01/2020,EPI_ISL_411915
Taiwan/4/2020,EPI_ISL_411927
Finland/1/2020,EPI_ISL_407079
HongKong/HKPU60-0802/2020,EPI_ISL_419228
Indonesia/JK-EIJK-0141/2020,EPI_ISL_435281
Indonesia/JB-EIJK41/2020,EPI_ISL_574612
Curacao/CW-RIVM-10093/2020,EPI_ISL_547451
Curacao/CW-RIVM-10092/2020,EPI_ISL_547450
Curacao/CW-RIVM-10094/2020,EPI_ISL_547452
Ecuador/HEE-01/2020,EPI_ISL_417482
Netherlands/Oss_1363500/2020,EPI_ISL_413581
Netherlands/NA_672/2020,EPI_ISL_461107
Slovakia/SK-BMC6/2020,EPI_ISL_417880
Curacao/CW-RIVM-10100/2020,EPI_ISL_547453
NewZealand/CoV001/2020,EPI_ISL_417211
SouthAfrica/R05204/2020,EPI_ISL_450297
NewZealand/20VR1115/2020,EPI_ISL_456193
Malaysia/MKAK-CL-2020-7554/2020,EPI_ISL_416907
Malaysia/IMR_WC627/2020,EPI_ISL_430444
Malaysia/IMR_WC413/2020,EPI_ISL_455791
Wuhan/HB-WH1-125/2020,EPI_ISL_454906
Sweden/20-50320/2020,EPI_ISL_475136
Austria/CeMM0142/2020,EPI_ISL_583563
Belgium/ULG-10052/2020,EPI_ISL_424657
Germany/NW-HHU-56/2020,EPI_ISL_523927
Austria/CeMM0002/2020,EPI_ISL_419655
Bulgaria/15/2020,EPI_ISL_480298
USA/NE_6605/2020,EPI_ISL_424874
HongKong/HKU-200723-051/2020,EPI_ISL_497818
NewZealand/20VR0759/2020,EPI_ISL_456164
NewZealand/20VR1499/2020,EPI_ISL_456221
NewZealand/20VR1019/2020,EPI_ISL_456184
NewZealand/20VR1020/2020,EPI_ISL_456185
NewZealand/20VR1022/2020,EPI_ISL_456186
Latvia/02/2020,EPI_ISL_421654
Shanghai/SH0119/2020,EPI_ISL_416404
Taiwan/TSGH-35/2020,EPI_ISL_457726
Ireland/CO-PHW-2/2020,EPI_ISL_417432
Indonesia/JK-EIJK-39/2020,EPI_ISL_568690
Australia/NSW08/2020,EPI_ISL_413594
Australia/NSW10/2020,EPI_ISL_413596
Australia/NSW219/2020,EPI_ISL_427643
Pakistan/KHI1/2020,EPI_ISL_451958
NewZealand/20VR0990/2020,EPI_ISL_456175
Indonesia/YO-EIJK15/2020,EPI_ISL_574605
Taiwan/NTU27/2020,EPI_ISL_447621
USA/WV-QDX-1284/2020,EPI_ISL_572053
Singapore/24/2020,EPI_ISL_420101
Singapore/33/2020,EPI_ISL_420110
Spain/PV-IBV-98005216/2020,EPI_ISL_582726
Mexico/JAL-InDRE-16/2020,EPI_ISL_455454
Mexico/JAL-InDRE-11/2020,EPI_ISL_455435
USA/WI-UW-180/2020,EPI_ISL_428276
SouthAfrica/R02827/2020,EPI_ISL_430297
Malaysia/IMR_WC1097/2020,EPI_ISL_430441
env/USA/NV-NSPHL-A0128/2020,EPI_ISL_515396
Indonesia/SA-EIJK-12/2020,EPI_ISL_568694
USA/WI-CDC-0946/2020,EPI_ISL_509705
Wuhan/HB-WH3-180/2020,EPI_ISL_455379
Indonesia/JK-EIJK-02/2020,EPI_ISL_437190
Singapore/108/2020,EPI_ISL_443200
Australia/VIC15/2020,EPI_ISL_419735
France/IDF-0515-isl/2020,EPI_ISL_410984
France/IDF-0515/2020,EPI_ISL_408430
Pakistan/Gilgit1/2020,EPI_ISL_417444
Wuhan/HB-WHCM-102/2020,EPI_ISL_454988
Australia/SAP115/2020,EPI_ISL_451132
Georgia/Tb-1523/2020,EPI_ISL_420142
Sweden/20-04736/2020,EPI_ISL_475544
SriLanka/COV38/2020,EPI_ISL_428670
SriLanka/CDR142/2020,EPI_ISL_525474
Taiwan/CGMH-CGU-03/2020,EPI_ISL_415741
Taiwan/TSGH-26/2020,EPI_ISL_447252
Iran/7650/2020,EPI_ISL_594188
Iran/KHGRC-3-2178/2020,EPI_ISL_445088
Iran/PN2179/2020,EPI_ISL_463749
Thailand/Bangkok-0078/2020,EPI_ISL_447019
Thailand/Bangkok-0084/2020,EPI_ISL_447025
Sweden/20-04850/2020,EPI_ISL_475545
Sweden/20-04852/2020,EPI_ISL_475547
USA/NY1-PV08001/2020,EPI_ISL_414476
Canada/BC_69243/2020,EPI_ISL_415577
Turkey/HSGM-1490/2020,EPI_ISL_437319
Tunisia/COV0880/2020,EPI_ISL_463002
Australia/VIC996/2020,EPI_ISL_430480
Canada/BC_13297/2020,EPI_ISL_415578
USA/CA-UCLA-260/2020,EPI_ISL_537558
Bahrein/BAH-13/2020,EPI_ISL_483554
Bahrein/BAH-18/2020,EPI_ISL_483559
Bahrein/BAH-16/2020,EPI_ISL_483557
Bahrein/BAH-17/2020,EPI_ISL_483558
Australia/NSW05/2020,EPI_ISL_412975
Australia/QLD09/2020,EPI_ISL_414414
Australia/NSW07/2020,EPI_ISL_413214
NewZealand/20VR0174/2020,EPI_ISL_413490
Iran/2297/2020,EPI_ISL_594185
Iran/GRC-10582/2020,EPI_ISL_596451
Iran/1325/2020,EPI_ISL_594186
Iran/2024/2020,EPI_ISL_594187
Georgia/Tb-7851/2020,EPI_ISL_477169
Iran/1600/2020,EPI_ISL_582033
Georgia/Tb-82/2020,EPI_ISL_415644
Australia/NSW09/2020,EPI_ISL_413595
India/LA-NCDC-01614/2020,EPI_ISL_435104
Oman/RESP-20-1189/2020,EPI_ISL_457706
SriLanka/CDR-SL7066/2020,EPI_ISL_525481
Oman/RESP-20-837/2020,EPI_ISL_457704
Lebanon/S5_762/2020,EPI_ISL_450512
Bahrein/BAH-10/2020,EPI_ISL_483551
UnitedArabEmirates/L0287/2020,EPI_ISL_469276
Kuwait/KU09/2020,EPI_ISL_416541
UnitedArabEmirates/L4711/2020,EPI_ISL_469278
Uganda/UG011/2020,EPI_ISL_451193
Australia/VIC626/2020,EPI_ISL_426930
SriLanka/CDR503/2020,EPI_ISL_525479
Kenya/S109/2020,EPI_ISL_457933
UnitedArabEmirates/L2004035133/2020,EPI_ISL_520673
Kuwait/KU12/2020,EPI_ISL_416458
Kuwait/KU18/2020,EPI_ISL_416543
Canada/BC_66353/2020,EPI_ISL_415587
Canada/ON_SHSC-01/2020,EPI_ISL_450747
Norway/1380/2020,EPI_ISL_417484
Australia/NSW06/2020,EPI_ISL_413213
Oman/RESP-20-797/2020,EPI_ISL_457701
Iran/GRC-43/2020,EPI_ISL_596453
India/UN-1644/2020,EPI_ISL_421672
Lebanon/S9_764/2020,EPI_ISL_450515
Kazakhstan/NCB-1/2020,EPI_ISL_435045
Kazakhstan/26577/2020,EPI_ISL_454596
Kazakhstan/26545/2020,EPI_ISL_454591
HongKong/HKU-908a/2020,EPI_ISL_434569
HongKong/HKU-908b/2020,EPI_ISL_434570
Australia/WA34/2020,EPI_ISL_470851
Australia/WA11/2020,EPI_ISL_420456
Israel/ISR_JP0320/2020,EPI_ISL_419211
Japan/DP0328/2020,EPI_ISL_416595
USA/TX_2039/2020,EPI_ISL_420796
Japan/DP0803/2020,EPI_ISL_416630
Australia/SAP097/2020,EPI_ISL_468039
SouthAfrica/KRISP-06/2020,EPI_ISL_421573
Australia/QLD1010/2020,EPI_ISL_530270
Fujian/IM3520017T/2020,EPI_ISL_431784
Philippines/PGC05/2020,EPI_ISL_434557
Guam/GU_NHG_01/2020,EPI_ISL_444998
Kenya/NIC_266/2020,EPI_ISL_457838
Philippines/PGC03/2020,EPI_ISL_434555
SouthAfrica/R09103/2020,EPI_ISL_470879
Philippines/PH-RITM-0020/2020,EPI_ISL_491474
Brunei/3/2020,EPI_ISL_435675
Brunei/1/2020,EPI_ISL_443187
Taiwan/CGMH-CGU-26/2020,EPI_ISL_452178
Taiwan/CGMH-CGU-27/2020,EPI_ISL_452179
NewZealand/20VR1114/2020,EPI_ISL_456192
NewZealand/20VR1791/2020,EPI_ISL_536790
NewZealand/20VR1113/2020,EPI_ISL_579121
Brunei/5/2020,EPI_ISL_435677
Malaysia/6306/2020,EPI_ISL_501219
Malaysia/MGI-M23/2020,EPI_ISL_568873
Malaysia/MGI-MAEPS126/2020,EPI_ISL_568875
Malaysia/MGI-M64/2020,EPI_ISL_528740
Brunei/4/2020,EPI_ISL_435676
Guam/GU_NHG_03/2020,EPI_ISL_445000
Philippines/RITM-07/2020,EPI_ISL_430845
Myanmar/MMC_137/2020,EPI_ISL_512844
Malaysia/IMR_WC80109/2020,EPI_ISL_490094
Malaysia/MGI-MAEPS41/2020,EPI_ISL_582124
Malaysia/IMR_WC99045/2020,EPI_ISL_490100
Malaysia/MGI-MAEPS54/2020,EPI_ISL_528743
Malaysia/MGI-MAEPS67/2020,EPI_ISL_528744
India/KA-nimh-1454/2020,EPI_ISL_486392
India/UP-NBRI-N32-TCX152/2020,EPI_ISL_516961
Indonesia/SA-EIJK54/2020,EPI_ISL_574623
Gambia/GC19-026/2020,EPI_ISL_428856
USA/HI-QDX-424/2020,EPI_ISL_571185
Indonesia/JK-EIJK45/2020,EPI_ISL_574614
Guam/GU_NHG_02/2020,EPI_ISL_444999
Australia/QLD992/2020,EPI_ISL_530252
Australia/QLD1058/2020,EPI_ISL_576143
Australia/NSW1135/2020,EPI_ISL_593746
SierraLeone/KGH-G-8604/2020,EPI_ISL_512814
Senegal/1351/2020,EPI_ISL_480556
HongKong/HKU-200723-105/2020,EPI_ISL_498270
India/DL-NCDC3680-CSIR-IGIB/2020,EPI_ISL_482564
India/DL-MaxCov0020-CSIR-IGIB/2020,EPI_ISL_459922
India/HR-THSTI-BAL-918/2020,EPI_ISL_454867
India/KA-nimh-1600/2020,EPI_ISL_516078
Jamaica/JM-CDC-4376/2020,EPI_ISL_450794
Malaysia/IMR_WC2423/2020,EPI_ISL_459953
Slovenia/MB0329/2020,EPI_ISL_426379
Malaysia/0478/2020,EPI_ISL_501178
Philippines/RITM-05/2020,EPI_ISL_430843
Timor-Leste/TL23/2020,EPI_ISL_456611
Timor-Leste/TL14/2020,EPI_ISL_456601
Timor-Leste/TL15/2020,EPI_ISL_456602
Indonesia/EJ-ITD-3601NT/2020,EPI_ISL_560991
Timor-Leste/TL18/2020,EPI_ISL_456608
Singapore/342/2020,EPI_ISL_469096
Singapore/536/2020,EPI_ISL_479492
Singapore/835/2020,EPI_ISL_517998
Singapore/171/2020,EPI_ISL_462289
Singapore/690/2020,EPI_ISL_498588
Singapore/834/2020,EPI_ISL_517997
Singapore/962/2020,EPI_ISL_538497
Singapore/811/2020,EPI_ISL_516811
Singapore/629/2020,EPI_ISL_490079
Singapore/254/2020,EPI_ISL_462372
Singapore/569/2020,EPI_ISL_483592
Singapore/769/2020,EPI_ISL_509379
Singapore/812/2020,EPI_ISL_516812
Singapore/443/2020,EPI_ISL_475974
Singapore/716/2020,EPI_ISL_498614
Singapore/822/2020,EPI_ISL_516822
Singapore/865/2020,EPI_ISL_527374
Singapore/891/2020,EPI_ISL_536432
Singapore/603/2020,EPI_ISL_490053
Singapore/644/2020,EPI_ISL_493404
Australia/VIC01/2020,EPI_ISL_406844
Taiwan/2/2020,EPI_ISL_406031
Sweden/01/2020,EPI_ISL_411951
Sweden/20-02114/2020,EPI_ISL_476139
HongKong/HKPU84-2502/2020,EPI_ISL_419248
HongKong/HKPU38-3001/2020,EPI_ISL_419213
HongKong/HKPU30_2901/2020,EPI_ISL_417188
HongKong/VM2003179/2020,EPI_ISL_450405
Australia/VIC02/2020,EPI_ISL_416410
France/IDF-0386-islP3/2020,EPI_ISL_411220
France/IDF-0373/2020,EPI_ISL_406597
Singapore/17/2020,EPI_ISL_418992
Oman/RESP-20-2857/2020,EPI_ISL_457978
Thailand/SI201712-NT/2020,EPI_ISL_437617
Australia/NSW03/2020,EPI_ISL_408977
Australia/VIC03/2020,EPI_ISL_416411
Italy/LAZ-INMI1-isl/2020,EPI_ISL_410545
Italy/LAZ-INMI-SPL1/2020,EPI_ISL_412974
Italy/LAZ-INMI1-cs/2020,EPI_ISL_410546
Italy/LAZ-INMI2-N/2020,EPI_ISL_451302
Taiwan/TSGH-36/2020,EPI_ISL_457730
Colombia/VAC-INS-79449/2020,EPI_ISL_456133
Georgia/Tb-54/2020,EPI_ISL_415641
England/201061453/2020,EPI_ISL_464411
Iceland/13/2020,EPI_ISL_417765
Norway/1443/2020,EPI_ISL_417490
Norway/1494/2020,EPI_ISL_417489
Norway/1694/2020,EPI_ISL_420136
SouthKorea/KCDC2027/2020,EPI_ISL_471443
SouthKorea/A2/2020,EPI_ISL_485001
SouthKorea/IHC610/2020,EPI_ISL_540994
SouthKorea/KCDC2161/2020,EPI_ISL_506955
SouthKorea/KCDC2105/2020,EPI_ISL_498006
Spain/AN-ISCIII-201273/2020,EPI_ISL_539497
Colombia/QUI-INS-80663/2020,EPI_ISL_456128
Australia/VIC1364/2020,EPI_ISL_456421
NewZealand/20VR1597/2020,EPI_ISL_456224
Australia/WA95/2020,EPI_ISL_512748
Australia/WA282/2020,EPI_ISL_596825
Slovenia/808/2020,EPI_ISL_420541
Australia/VIC525/2020,EPI_ISL_426792
NewZealand/20VR2108/2020,EPI_ISL_456377
NewZealand/20VR2109/2020,EPI_ISL_456378
Bahrein/BAH-20/2020,EPI_ISL_483561
Moldova/ChVir7770/2020,EPI_ISL_523962
NewZealand/20VR0462/2020,EPI_ISL_456159
NewZealand/CoV002/2020,EPI_ISL_417212
NewZealand/20VR1759/2020,EPI_ISL_456239
NewZealand/20VR1852/2020,EPI_ISL_579151
Australia/VIC1466/2020,EPI_ISL_456449
Uruguay/UY-10/2020,EPI_ISL_429257
NewZealand/20VR1076/2020,EPI_ISL_456187
Australia/TAS120/2020,EPI_ISL_522586
NewZealand/20VR3186/2020,EPI_ISL_579474
SouthKorea/KCDC2033/2020,EPI_ISL_497954
Australia/NSW51/2020,EPI_ISL_427660
Australia/NSW41/2020,EPI_ISL_417399
Brazil/ES-225/2020,EPI_ISL_415128
Australia/VIC171/2020,EPI_ISL_419868
Kenya/D6/2020,EPI_ISL_458000
NewZealand/20VR1283/2020,EPI_ISL_456208
DRC/158/2020,EPI_ISL_417950
USA/DC-HP00072/2020,EPI_ISL_438230
Nigeria/OG007-CV22/2020,EPI_ISL_455412
Nigeria/ED07-CV160/2020,EPI_ISL_527878
Nigeria/ED03-CV157/2020,EPI_ISL_527875
USA/AR-QDX-679/2020,EPI_ISL_571408
Aruba/AW-RIVM-10101/2020,EPI_ISL_547445
Aruba/AW-RIVM-10122/2020,EPI_ISL_547449
Chile/Santiago_55/2020,EPI_ISL_445351
USA/MN-MDH-1783/2020,EPI_ISL_590785
NewZealand/20VR2096/2020,EPI_ISL_548124
SouthKorea/S4/2020,EPI_ISL_485395
Nigeria/OS016-CV3/2020,EPI_ISL_455413
Nigeria/OY045A-CV35/2020,EPI_ISL_455431
Taiwan/TSGH-10/2020,EPI_ISL_427397
Ghana/2230_S4/2020,EPI_ISL_422390
USA/OR-PROV-025/2020,EPI_ISL_482309
Canada/NB-223/2020,EPI_ISL_479639
Malaysia/3605/2020,EPI_ISL_501206
NewZealand/20VR0901/2020,EPI_ISL_456169
Jordan/SR-0338/2020,EPI_ISL_450189
Jordan/SR-0333/2020,EPI_ISL_450186
Belgium/rega-0406285/2020,EPI_ISL_464079
Brazil/SP-02/2020,EPI_ISL_413016
Netherlands/NA_215/2020,EPI_ISL_422750
Poland/1111112/2020,EPI_ISL_450529
Taiwan/NTU06/2020,EPI_ISL_422409
Australia/QLD1095/2020,EPI_ISL_593614
USA/KS-USAFSAM-S020/2020,EPI_ISL_512794
Timor-Leste/TL25/2020,EPI_ISL_456600
England/20130034404/2020,EPI_ISL_423607
Jordan/SR-042/2020,EPI_ISL_430000
NewZealand/20VR1900/2020,EPI_ISL_456301
England/20098007304/2020,EPI_ISL_464191
Austria/CeMM1046/2020,EPI_ISL_583863
Luxembourg/LNS0945359/2020,EPI_ISL_419569
NewZealand/20VR3209/2020,EPI_ISL_579494
NewZealand/20VR1798/2020,EPI_ISL_456257
Australia/QLD1115/2020,EPI_ISL_593632
Uruguay/UY-NYUMC863/2020,EPI_ISL_457959
Belgium/ITM_C026/2020,EPI_ISL_450724
Oman/RESP-20-B-6588/2020,EPI_ISL_525429
Australia/SA04/2020,EPI_ISL_480781
Australia/SAP305/2020,EPI_ISL_468037
Australia/SAP214/2020,EPI_ISL_468032
Australia/SA03/2020,EPI_ISL_480780
Australia/SA01/2020,EPI_ISL_480778
Australia/VPRL014/2020,EPI_ISL_455603
Australia/SA02/2020,EPI_ISL_480779
SouthAfrica/KRISP-0001/2020,EPI_ISL_467431
Latvia/03/2020,EPI_ISL_421655
Kenya/C6914/2020,EPI_ISL_568817
Oman/B-2106/2020,EPI_ISL_525424
Ghana/36523_S23/2020,EPI_ISL_515097
Belgium/ULG-10155/2020,EPI_ISL_447151
Finland/FIN-25/2020,EPI_ISL_412971
Greece/NIC_8/2020,EPI_ISL_476845
Sweden/20-52269/2020,EPI_ISL_582797
Peru/LAM-INS-171/2020,EPI_ISL_536564
Uganda/UG006/2020,EPI_ISL_451188
Uganda/UG005/2020,EPI_ISL_451187
Germany/BY-ChVir-1019/2020,EPI_ISL_450199
Germany/BY-ChVir-1289/2020,EPI_ISL_450203
Germany/BY-ChVir-1483/2020,EPI_ISL_450208
Germany/BY-ChVir-1482/2020,EPI_ISL_450207
Kenya/NIC_248/2020,EPI_ISL_457836
Kenya/P1118/2020,EPI_ISL_457853
Uganda/UG013/2020,EPI_ISL_451195
Germany/BY-ChVir-1017/2020,EPI_ISL_450209
Germany/BY-ChVir-1020/2020,EPI_ISL_450200
Germany/BY-ChVir-929-2/2020,EPI_ISL_450198
USA/MO-WUSTL067/2020,EPI_ISL_493084
USA/MO-WUSTL063/2020,EPI_ISL_493082
Romania/ROSV/2020,EPI_ISL_486855
Australia/NSW2153/2020,EPI_ISL_509505
Peru/UN-INS-052/2020,EPI_ISL_547881
Colombia/VAC-INS-79929/2020,EPI_ISL_456136
Romania/ROSV-2/2020,EPI_ISL_486834
Romania/ROSV_4996/2020,EPI_ISL_491081
Romania/ROSV_12587/2020,EPI_ISL_491044
Romania/ROSV_12442/2020,EPI_ISL_491043
Romania/ROSV_3962/2020,EPI_ISL_491072
Romania/ROSV_3242/2020,EPI_ISL_491067
Spain/CL-IBV-97006161/2020,EPI_ISL_537308
Mexico/CMX-INCMNSZ-05/2020,EPI_ISL_426365
Ghana/2709_S25/2020,EPI_ISL_515084
UnitedArabEmirates/L920632662/2020,EPI_ISL_520721
Peru/LIM-UPCH-0142/2020,EPI_ISL_568536
Lebanon/LB-R8/2020,EPI_ISL_498551
Chile/Santiago_9/2020,EPI_ISL_445252
USA/CA-CZB-2201/2020,EPI_ISL_513750
Austria/CeMM0260/2020,EPI_ISL_438089
Ecuador/USFQ-097/2020,EPI_ISL_477016
DominicanRepublic/ICGEB_UNIBE032.7/2020,EPI_ISL_525469
Portugal/PT1285/2020,EPI_ISL_511246
Colombia/VAC-GVI-97223/2020,EPI_ISL_447814
Australia/WA42/2020,EPI_ISL_470859
Morocco/HMIMV-Rabat1435-04/2020,EPI_ISL_471459
Morocco/HMIMV-Rabat1429-04/2020,EPI_ISL_471458
Morocco/HMIMV-Rabat1462-04/2020,EPI_ISL_471460
Iran/GRC-9673/2020,EPI_ISL_596452
Iran/GRC-9695/2020,EPI_ISL_596455
Germany/NW-HHU-88/2020,EPI_ISL_539604
Australia/SAP493/2020,EPI_ISL_602577
Romania/284213/2020,EPI_ISL_455468
Singapore/1079/2020,EPI_ISL_596469
Norway/2803/2020,EPI_ISL_493369
Ireland/OY-NVRL-71IRL93664/2020,EPI_ISL_525354
Ireland/D-NVRL-20IRL47314/2020,EPI_ISL_501273
Ireland/KE-NVRL-71IRL96371/2020,EPI_ISL_525385
Ireland/D-NVRL-73IRL25422/2020,EPI_ISL_578203
Ireland/D-NVRL-72IRL41349/2020,EPI_ISL_578232
Ireland/CO-NVRL-72IRL32659/2020,EPI_ISL_578249
Chile/Santiago_35/2020,EPI_ISL_445314
Mexico/ROO-InDRE-14/2020,EPI_ISL_455438
Kenya/NIC_187/2020,EPI_ISL_457833
Chile/Santiago_47/2020,EPI_ISL_445326
Argentina/PAIS-A0012/2020,EPI_ISL_430803
Hungary/MH-6657/2020,EPI_ISL_526221
Hungary/MH-6633/2020,EPI_ISL_526220
Hungary/MH-8268/2020,EPI_ISL_526223
Hungary/MH-9653/2020,EPI_ISL_526224
Spain/CL-IBV-97006195/2020,EPI_ISL_537341
Australia/QLD964/2020,EPI_ISL_530238
Colombia/CUN-GUR-1215/2020,EPI_ISL_447754
Colombia/DC-INS-289/2020,EPI_ISL_526967
Colombia/CUN-GUR-0459/2020,EPI_ISL_447746
Colombia/DC-INS-027/2020,EPI_ISL_526969
Colombia/INS-CUN-AG2/2020,EPI_ISL_526958
Colombia/DC-INS-05-07/2020,EPI_ISL_526974
Mexico/CHH-InDRE-49/2020,EPI_ISL_516617
Mexico/CHH-InDRE-48/2020,EPI_ISL_516616
USA/CA-CZB-3887/2020,EPI_ISL_548533
Canada/MB-NML-619/2020,EPI_ISL_582290
USA/SD-SDPHL-0016/2020,EPI_ISL_569624
Mexico/CHP-InDRE-23/2020,EPI_ISL_493338
Mexico/SIN-InDRE-21/2020,EPI_ISL_493336
Mexico/NAY-InDRE_27/2020,EPI_ISL_493342
Spain/MD-IBV-004980/2020,EPI_ISL_481108
Chile/Independencia-27991/2020,EPI_ISL_459857
Nigeria/AB03-CV135/2020,EPI_ISL_527872
Austria/CeMM0793/2020,EPI_ISL_583703
Austria/CeMM0688/2020,EPI_ISL_583647
Austria/CeMM0797/2020,EPI_ISL_583707
Uruguay/UY-NYUMC933/2020,EPI_ISL_480431
Spain/CM-IBV-003883/2020,EPI_ISL_474826
Poland/Pom12/2020,EPI_ISL_451653
USA/AK-PHL346/2020,EPI_ISL_522396
USA/AK-PHL383/2020,EPI_ISL_560554
USA/AK-PHL441/2020,EPI_ISL_512138
Argentina/PAIS-A0008/2020,EPI_ISL_430800
CostaRica/CRV-0013/2020,EPI_ISL_480317
NewZealand/20CV0318/2020,EPI_ISL_579089
Argentina/PAIS-A0009/2020,EPI_ISL_430801
Ecuador/USFQ-127/2020,EPI_ISL_491940
Ecuador/USFQ-126/2020,EPI_ISL_491939
Ecuador/USFQ-213/2020,EPI_ISL_539786
Ecuador/USFQ-220/2020,EPI_ISL_539790
Ecuador/USFQ-197/2020,EPI_ISL_527813
Ecuador/USFQ-162/2020,EPI_ISL_516649
Ecuador/USFQ-167/2020,EPI_ISL_516651
Ecuador/USFQ-171/2020,EPI_ISL_516652
Ecuador/USFQ-216/2020,EPI_ISL_539788
Ecuador/USFQ-MC01/2020,EPI_ISL_525438
Italy/LOM-UniMI-L53/2020,EPI_ISL_542400
Bulgaria/36/2020,EPI_ISL_480307
Hungary/US-2823w/2020,EPI_ISL_477619
Mexico/TAM-InDRE_39/2020,EPI_ISL_516625
Senegal/6762/2020,EPI_ISL_486869
Gambia/NPHL-2640/2020,EPI_ISL_561285
Spain/MD-IBV-99007147/2020,EPI_ISL_541919
Slovakia/UKBA-321/2020,EPI_ISL_583488
Senegal/57503/2020,EPI_ISL_498244
Senegal/57540/2020,EPI_ISL_476491
Senegal/5766/2020,EPI_ISL_481237
Senegal/64969/2020,EPI_ISL_476570
Senegal/57476/2020,EPI_ISL_476149
Senegal/57481/2020,EPI_ISL_476150
Gambia/NPHL-1168/2020,EPI_ISL_561212
Senegal/83403/2020,EPI_ISL_498251
Senegal/64766/2020,EPI_ISL_476564
Senegal/70427/2020,EPI_ISL_477144
Senegal/65030/2020,EPI_ISL_476572
France/PAC-IHU-0963/2020,EPI_ISL_569013
France/PAC-IHU-0964/2020,EPI_ISL_569014
France/PAC-IHU-0944/2020,EPI_ISL_568999
Gambia/NPHL-100C/2020,EPI_ISL_561207
Senegal/64101/2020,EPI_ISL_476516
Senegal/55728/2020,EPI_ISL_477150
Senegal/64916/2020,EPI_ISL_477156
Gambia/NPHL-1212/2020,EPI_ISL_561215
Gambia/NPHL-1208/2020,EPI_ISL_561213
Gambia/NPHL-1209/2020,EPI_ISL_561214
Gambia/GC19-3267/2020,EPI_ISL_561056
Gambia/GC19-2526/2020,EPI_ISL_561114
Gambia/NPHL-2759/2020,EPI_ISL_561292
Gambia/NPHL-2762/2020,EPI_ISL_561293
Gambia/NPHL-3254/2020,EPI_ISL_561315
Gambia/NPHL-2892/2020,EPI_ISL_561302
Gambia/GC19-3656/2020,EPI_ISL_561201
Gambia/NPHL-2712/2020,EPI_ISL_561288
Gambia/NPHL-2727/2020,EPI_ISL_561289
Gambia/3668/2020,EPI_ISL_560992
Gambia/3670/2020,EPI_ISL_560993
Italy/LOM-UniMI-L250/2020,EPI_ISL_542222
Panama/328677/2020,EPI_ISL_415152
Norway/3263/2020,EPI_ISL_590905
Hungary/MH-13211/2020,EPI_ISL_526225
Switzerland/BS-42227651/2020,EPI_ISL_581695
Russia/MUR-RII-MH1701S/2020,EPI_ISL_602345
Mexico/CAM-InDRE-62/2020,EPI_ISL_576265
SouthKorea/KCDC2665/2020,EPI_ISL_522447
Mexico/BCN-InDRE-52/2020,EPI_ISL_516612
Mexico/ZAC-InDRE-71/2020,EPI_ISL_576274
Mexico/BCN-ALSR-1714/2020,EPI_ISL_496375
Mexico/SON-InDRE_29/2020,EPI_ISL_493344
Mexico/COL-InDRE-76/2020,EPI_ISL_576279
USA/MN-MDH-1539/2020,EPI_ISL_527604
USA/MN-MDH-1546/2020,EPI_ISL_527611
USA/MN-MDH-1535/2020,EPI_ISL_527600
Mexico/SON-InDRE_35/2020,EPI_ISL_516622
USA/CA-UCLA-252/2020,EPI_ISL_537554
Mexico/ZAC-InDRE-70/2020,EPI_ISL_576273
USA/OK-ADDL-01/2020,EPI_ISL_535364
Mexico/OAX-InDRE-61/2020,EPI_ISL_576264
Mexico/BCN-InDRE-45/2020,EPI_ISL_516609
USA/WA-S2890/2020,EPI_ISL_596421
Mexico/SON-InDRE_42/2020,EPI_ISL_516623
Mexico/CMX-INMEGEN-10/2020,EPI_ISL_522940
USA/IL-UW-1439/2020,EPI_ISL_541540
Mexico/COL-InDRE-75/2020,EPI_ISL_576278
Colombia/COR-GVI-97517/2020,EPI_ISL_447816
NewZealand/20VR3755/2020,EPI_ISL_548132
NewZealand/20VR3759/2020,EPI_ISL_548133
USA/UT-UPHL-08760/2020,EPI_ISL_525347
USA/UT-UPHL-08764/2020,EPI_ISL_525350
Singapore/1084/2020,EPI_ISL_596474
Australia/SAP499/2020,EPI_ISL_602580
England/ALDP-94FB74/2020,EPI_ISL_555230
England/CAMC-A58272/2020,EPI_ISL_597217
SouthAfrica/KRISP-K003519/2020,EPI_ISL_602838
Mexico/BC-InDRE-44/2020,EPI_ISL_516608
Mexico/BCN-InDRE_32/2020,EPI_ISL_493347
SouthAfrica/LR00080/2020,EPI_ISL_514391
Norway/2811/2020,EPI_ISL_493376
Norway/2835/2020,EPI_ISL_493388
USA/IA-GMF-08606/2020,EPI_ISL_489896
USA/IA-GMF-08809/2020,EPI_ISL_489898
USA/IA-GMF-09513/2020,EPI_ISL_489899
USA/UT-UPHL-201030072/2020,EPI_ISL_594062
UnitedArabEmirates/558/2020,EPI_ISL_528705
UnitedArabEmirates/581/2020,EPI_ISL_528707
USA/MT-RML-7/2020,EPI_ISL_591054
USA/MT-RML-8/2020,EPI_ISL_591055
Mexico/SLP-InDRE-69/2020,EPI_ISL_576272
USA/WY-UNM-WY00103/2020,EPI_ISL_582226
USA/OR-OHSU-0967/2020,EPI_ISL_525938
USA/CA-CZB-7140/2020,EPI_ISL_583015
USA/CA-CZB-10292/2020,EPI_ISL_583019
Scotland/EDB5289/2020,EPI_ISL_493951
Mexico/BCS-InDRE_31/2020,EPI_ISL_493346
Mexico/CMX-INMEGEN-08/2020,EPI_ISL_522879
USA/WA-UW-22409/2020,EPI_ISL_570678
USA/MN-GMF-09331/2020,EPI_ISL_489903
USA/CA-CZB-10825/2020,EPI_ISL_583075
USA/IL-UW-860/2020,EPI_ISL_509801
USA/NM-NMDOH-2020242033/2020,EPI_ISL_510882
USA/MN-MDH-1879/2020,EPI_ISL_603014
USA/PR-B6CS/2020,EPI_ISL_527396
USA/IL-UW-1085/2020,EPI_ISL_516511
Mexico/PUE-InDRE-05/2020,EPI_ISL_424672
USA/TX-DSHS-0479/2020,EPI_ISL_542010
Germany/BY-MVP-0014/2020,EPI_ISL_437215
Croatia/297_Varazdin/2020,EPI_ISL_454592
Finland/13M19/2020,EPI_ISL_418385
USA/VA-DCLS-0044/2020,EPI_ISL_420025
Luxembourg/LNS0000001/2020,EPI_ISL_419562
Luxembourg/Lux1/2020,EPI_ISL_413593
India/DL-NCDC-01537/2020,EPI_ISL_435061
England/20100120904/2020,EPI_ISL_464259
Australia/NSW2548/2020,EPI_ISL_527049
Chile/Coyhaique_1/2020,EPI_ISL_445296
NewZealand/20VR3178/2020,EPI_ISL_579467
Chile/Punta_Arenas_3/2020,EPI_ISL_445280
England/20100022706/2020,EPI_ISL_415136
Ukraine/203100353/2020,EPI_ISL_512632
CzechRepublic/NRL_8496/2020,EPI_ISL_577638
Italy/LOM-UniMI-L259/2020,EPI_ISL_542229
Morocco/6893/2020,EPI_ISL_459971
NewZealand/20VR1797/2020,EPI_ISL_456256
Poland/PL_P17/2020,EPI_ISL_451978
SaudiArabia/KAUST-Madinah263/2020,EPI_ISL_437746
USA/ID-QDX-1727/2020,EPI_ISL_604031
CostaRica/CRV-0024/2020,EPI_ISL_480328
India/UN-763/2020,EPI_ISL_420543
SouthAfrica/KRISP-0099/2020,EPI_ISL_467463
Guatemala/CDC-1233/2020,EPI_ISL_509700
Mongolia/Imp3989/2020,EPI_ISL_467666
Oman/6991/2020,EPI_ISL_491134
Switzerland/BE-ETHZ-100154/2020,EPI_ISL_451738
DRC/108/2020,EPI_ISL_417948
DRC/236/2020,EPI_ISL_420032
DRC/4422/2020,EPI_ISL_496507
DRC/4685/2020,EPI_ISL_514106
DRC/3778/2020,EPI_ISL_447240
Peru/CUS-INS-068/2020,EPI_ISL_517958
Peru/UN-INS-091/2020,EPI_ISL_547912
Peru/LIM-INS-048/2020,EPI_ISL_517959
Peru/ICA-INS-108/2020,EPI_ISL_536506
Peru/LIM-INS-112/2020,EPI_ISL_536510
Peru/UN-INS-048/2020,EPI_ISL_547964
Peru/UN-INS-013/2020,EPI_ISL_547929
Peru/UN-INS-020/2020,EPI_ISL_547936
Peru/UN-INS-035/2020,EPI_ISL_547951
Peru/JUN-INS-047/2020,EPI_ISL_516647
Italy/MAR-UnivPM-73702/2020,EPI_ISL_516085
Norway/1495/2020,EPI_ISL_420134
CzechRepublic/NRL_1885/2020,EPI_ISL_471530
Peru/UN-INS-034/2020,EPI_ISL_547950
Peru/UN-INS-044/2020,EPI_ISL_547960
Denmark/ALAB-HH-267/2020,EPI_ISL_452098
SouthAfrica/KRISP-K003667/2020,EPI_ISL_602623
SouthAfrica/KRISP-0370/2020,EPI_ISL_487321
Peru/LIM-INS-090/2020,EPI_ISL_536489
Peru/UN-INS-012/2020,EPI_ISL_547928
Bulgaria/41/2020,EPI_ISL_480310
Bulgaria/40/2020,EPI_ISL_480309
Kazakhstan/NCB-2/2020,EPI_ISL_435046
Ecuador/USFQ-128/2020,EPI_ISL_491933
Ecuador/USFQ-150/2020,EPI_ISL_491938
Ecuador/USFQ-139/2020,EPI_ISL_491936
Australia/QLDID923/2020,EPI_ISL_418801
Ecuador/USFQ-184/2020,EPI_ISL_525435
Ecuador/USFQ-177/2020,EPI_ISL_525431
Ecuador/USFQ-188/2020,EPI_ISL_525437
Ecuador/USFQ-026/2020,EPI_ISL_481244
Ecuador/USFQ-113/2020,EPI_ISL_486848
Ecuador/USFQ-204/2020,EPI_ISL_527817
Ecuador/USFQ-199/2020,EPI_ISL_527814
Ecuador/USFQ-196/2020,EPI_ISL_527812
Ecuador/USFQ-222/2020,EPI_ISL_539791
Ecuador/USFQ-224/2020,EPI_ISL_539792
Senegal/119/2020,EPI_ISL_418215
Senegal/094/2020,EPI_ISL_418213
Senegal/087/2020,EPI_ISL_418212
USA/RI_0520/2020,EPI_ISL_419553
Colombia/SAN-INS-79752/2020,EPI_ISL_456131
Australia/SAP370/2020,EPI_ISL_492135
Argentina/PAIS-G0001/2020,EPI_ISL_499083
USA/MDH-7760/2020,EPI_ISL_454428
Chile/Santiago_79/2020,EPI_ISL_445376
Australia/QLDID935/2020,EPI_ISL_436097
Chile/Huasco-00013/2020,EPI_ISL_468753
Spain/AN-IBV-98001648/2020,EPI_ISL_538569
Spain/AN-IBV-98001670/2020,EPI_ISL_538578
UnitedArabEmirates/L3290161092/2020,EPI_ISL_520681
Argentina/PAIS-A0004/2020,EPI_ISL_430796
USA/CA-CZB-1765/2020,EPI_ISL_476782
Argentina/PAIS-A0015/2020,EPI_ISL_430806
Andorra/202552/2020,EPI_ISL_539496
Chile/Rancagua_6/2020,EPI_ISL_445278
Colombia/ATL-INS-79743/2020,EPI_ISL_456145
Guatemala/CDC-1230/2020,EPI_ISL_509697
Peru/CAL-INS-079/2020,EPI_ISL_536479
Romania/ROSV_1296/2020,EPI_ISL_491050
Romania/Suceava-5894/2020,EPI_ISL_468144
Oman/RESP-20-2523/2020,EPI_ISL_457975
Uruguay/UY-NYUMC848/2020,EPI_ISL_457944
Romania/Suceava-5710/2020,EPI_ISL_468139
NewZealand/20CV0270/2020,EPI_ISL_579064
NewZealand/20CV0269/2020,EPI_ISL_579063
Peru/UN-INS-088/2020,EPI_ISL_547909
NewZealand/20CHL869065O/2020,EPI_ISL_483060
Colombia/HUI-GUR-0920/2020,EPI_ISL_447753
Colombia/CUN-GVI-97447/2020,EPI_ISL_447815
Mexico/YUC-InDRE_33/2020,EPI_ISL_493348
CostaRica/INC-0085/2020,EPI_ISL_527753
Argentina/PAIS-A0013/2020,EPI_ISL_430804
Argentina/PAIS-A0007/2020,EPI_ISL_430799
Panama/337640/2020,EPI_ISL_496862
Ecuador/USFQ-133/2020,EPI_ISL_491941
Chile/Santiago-05230/2020,EPI_ISL_468747
Peru/UN-INS-025/2020,EPI_ISL_547941
USA/MI-UM-10035958075/2020,EPI_ISL_583348
SouthAfrica/KRISP-0146/2020,EPI_ISL_467496
SouthAfrica/KRISP-0147/2020,EPI_ISL_467497
Slovakia/SK-BMC1/2020,EPI_ISL_417877
Ukraine/203100330/2020,EPI_ISL_512609
Ukraine/203100344/2020,EPI_ISL_512623
Italy/LOM-UniMI-L267/2020,EPI_ISL_542233
Brazil/SP-01/2020,EPI_ISL_412964
Croatia/17-S7new/2020,EPI_ISL_455566
HongKong/HKU-200723-059/2020,EPI_ISL_497826
CzechRepublic/NRL-6849-8/2020,EPI_ISL_541335
CzechRepublic/NRL_6849-7/2020,EPI_ISL_577630
Peru/ARE-INS-165/2020,EPI_ISL_536558
Peru/UN-INS-089/2020,EPI_ISL_547910
Scotland/CVR273/2020,EPI_ISL_433278
Hungary/SRC-00572w/2020,EPI_ISL_435431
England/CAMB-1AB25B/2020,EPI_ISL_470201
Netherlands/OV-RIVM-10145/2020,EPI_ISL_547511
USA/UT-08522/2020,EPI_ISL_524285
England/NORW-E9595/2020,EPI_ISL_453603
CzechRepublic/NRL_5815/2020,EPI_ISL_491119
Bahrein/BAH-09/2020,EPI_ISL_483550
NewZealand/20VR0465/2020,EPI_ISL_456160
Cyprus/007/2020,EPI_ISL_463747
NorthernIreland/NIRE-10636A/2020,EPI_ISL_501020
USA/OR-PROV-046/2020,EPI_ISL_482328
Australia/NSW2435/2020,EPI_ISL_527016
Kenya/C6740/2020,EPI_ISL_568809
Australia/SAP298/2020,EPI_ISL_468007
USA/IA-CDC-8200/2020,EPI_ISL_447842
Morocco/refstage1/2020,EPI_ISL_476559
Denmark/SSI-02/2020,EPI_ISL_416143
Italy/LOM-UniMI-L366/2020,EPI_ISL_542297
Slovenia/4584/2020,EPI_ISL_420294
Kenya/C815/2020,EPI_ISL_568706
Kenya/C253/2020,EPI_ISL_457868
Vietnam/HCMC-35014/2020,EPI_ISL_498189
Iceland/465/2020,EPI_ISL_424488
Netherlands/ZE-EMC-52/2020,EPI_ISL_523551
USA/OK-QDX-750/2020,EPI_ISL_571552
Croatia/OY-S1new/2020,EPI_ISL_454574
Croatia/LG-S2new/2020,EPI_ISL_468591
Croatia/AU-S10new/2020,EPI_ISL_468656
SouthAfrica/KRISP-108/2020,EPI_ISL_455638
SierraLeone/KGH-G-8627/2020,EPI_ISL_512818
Sweden/20-52645/2020,EPI_ISL_582839
Italy/SAR-ATS-246/2020,EPI_ISL_547965
Spain/PV-IBV-98006688/2020,EPI_ISL_541087
Spain/PV-IBV-98007711/2020,EPI_ISL_582038
Spain/PV-IBV-98007594/2020,EPI_ISL_582043
Spain/PV-IBV-98007644/2020,EPI_ISL_582069
Switzerland/VD-321362-1761-D09/2020,EPI_ISL_603611
England/QEUH-A0BEA7/2020,EPI_ISL_599163
Norway/2952/2020,EPI_ISL_549027
Norway/3136/2020,EPI_ISL_549159
Norway/3122/2020,EPI_ISL_590921
Scotland/QEUH-964E16/2020,EPI_ISL_531002
Switzerland/VD-ETHZ-260192_1002_B02/2020,EPI_ISL_539480
NewZealand/20CV0401/2020,EPI_ISL_582018
NewZealand/20CV0398/2020,EPI_ISL_582017
NewZealand/20CV0415/2020,EPI_ISL_582023
NewZealand/20CV0414/2020,EPI_ISL_582022
NewZealand/20CV0408/2020,EPI_ISL_582019
NewZealand/20CV0410/2020,EPI_ISL_582021
NewZealand/20CV0409/2020,EPI_ISL_582020
Spain/AR-IBV-98005726/2020,EPI_ISL_537766
Spain/AR-IBV-98005653/2020,EPI_ISL_537734
Spain/PV-IBV-98006730/2020,EPI_ISL_541117
Switzerland/ZH-ETHZ-270099/2020,EPI_ISL_541519
Switzerland/BL-ETHZ-280232/2020,EPI_ISL_560469
Spain/VC-IBV-98006450/2020,EPI_ISL_538658
Belgium/ULG-10467/2020,EPI_ISL_581637
Spain/MD-IBV-99007122/2020,EPI_ISL_541896
Spain/AR-IBV-98005734/2020,EPI_ISL_537771
France/OCC-90/2020,EPI_ISL_593898
Latvia/129/2020,EPI_ISL_534219
Spain/MD-IBV-99007142/2020,EPI_ISL_541915
Spain/MD-IBV-99007161/2020,EPI_ISL_541931
Spain/MD-IBV-99007158/2020,EPI_ISL_541928
Australia/WA299/2020,EPI_ISL_596842
Ireland/KE-NVRL-73IRL13515/2020,EPI_ISL_578289
Ireland/D-NVRL-73IRL26673/2020,EPI_ISL_578266
NewZealand/20CV0387/2020,EPI_ISL_579116
Scotland/QEUH-998787/2020,EPI_ISL_540108
Wales/MILK-A05DBF/2020,EPI_ISL_599907
HongKong/VM20108924/2020,EPI_ISL_539821
Wales/PHWC-16D96F/2020,EPI_ISL_577470
NewZealand/20VR1980/2020,EPI_ISL_579187
NewZealand/20VR3179/2020,EPI_ISL_579468
Australia/VIC2077/2020,EPI_ISL_480618
Australia/VIC898/2020,EPI_ISL_427148
Egypt/CUNCI-HGC013/2020,EPI_ISL_468047
Slovenia/12304/2020,EPI_ISL_420295
USA/IA_6395/2020,EPI_ISL_424896
Egypt/CUNCI-HGC004/2020,EPI_ISL_468048
Egypt/CUNCI-HGC021/2020,EPI_ISL_468061
Australia/WA38/2020,EPI_ISL_470855
Australia/WA297/2020,EPI_ISL_596840
Australia/WA58/2020,EPI_ISL_470875
Switzerland/BL-UHB-42187456/2020,EPI_ISL_528023
Brazil/CE-L16-CD346/2020,EPI_ISL_476289
DRC/11507/2020,EPI_ISL_527512
Senegal/9819/2020,EPI_ISL_498233
France/GES-8544/2020,EPI_ISL_560590
Moldova/ChVir7771/2020,EPI_ISL_523964
Benin/197/2020,EPI_ISL_476822
Benin/1022/2020,EPI_ISL_476826
Senegal/315/2020,EPI_ISL_420070
Germany/BW-RKI-N-0001/2020,EPI_ISL_481253
Benin/314/2020,EPI_ISL_476834
DRC/397/2020,EPI_ISL_420845
DRC/16191/2020,EPI_ISL_591086
DRC/6854/2020,EPI_ISL_496503
Australia/SAP048/2020,EPI_ISL_451087
DRC/7920/2020,EPI_ISL_495641
SriLanka/CDR1885/2020,EPI_ISL_525476
Mali/M002703/2020,EPI_ISL_487459
BosniaandHerzegovina/04-Sarajevo/2020,EPI_ISL_467300
Ghana/1659_S14/2020,EPI_ISL_422405
Argentina/C3013/2020,EPI_ISL_420598
DRC/6801/2020,EPI_ISL_514111
DRC/11632/2020,EPI_ISL_527493
DRC/2299/2020,EPI_ISL_436412
Canada/NB_6/2020,EPI_ISL_418811
Canada/QC_AG4/2020,EPI_ISL_463913
Canada/QC_BB7/2020,EPI_ISL_463965
Canada/ON-E58/2020,EPI_ISL_593532
Morocco/6903/2020,EPI_ISL_459981
Morocco/HMIMV-Rabat102-03/2020,EPI_ISL_471456
Morocco/6896/2020,EPI_ISL_459974
Morocco/RMPS-03/2020,EPI_ISL_469051
Morocco/6894/2020,EPI_ISL_459972
DRC/4084/2020,EPI_ISL_471407
Belgium/ITM_C2184_2/2020,EPI_ISL_487432
DRC/11369/2020,EPI_ISL_527537
DRC/16143/2020,EPI_ISL_591084
DRC/11079/2020,EPI_ISL_527500
DRC/402/2020,EPI_ISL_420853
Spain/PV-IBV-98007698/2020,EPI_ISL_582042
Netherlands/ZH-EMC-586/2020,EPI_ISL_578014
Belgium/ITM-C5185/2020,EPI_ISL_582130
Germany/NW-HHU-97/2020,EPI_ISL_539613
Belgium/ULG-10249/2020,EPI_ISL_515056
Belgium/ULG-10369/2020,EPI_ISL_540536
Belgium/ULG-10417/2020,EPI_ISL_581599
Netherlands/ZH-EMC-609/2020,EPI_ISL_578037
Belgium/ULG-10298/2020,EPI_ISL_540465
Benin/1092/2020,EPI_ISL_476827
Suriname/SR-55/2020,EPI_ISL_518804
Suriname/SR-57/2020,EPI_ISL_518806
Suriname/SR-47/2020,EPI_ISL_517658
Suriname/SR-59/2020,EPI_ISL_518808
Suriname/SR-61/2020,EPI_ISL_518810
Suriname/SR-32/2020,EPI_ISL_517643
Suriname/SR-22/2020,EPI_ISL_517633
Suriname/SR-24/2020,EPI_ISL_517635
Suriname/SR-26/2020,EPI_ISL_517637
Suriname/SR-29/2020,EPI_ISL_517640
Suriname/SR-23/2020,EPI_ISL_517634
Suriname/SR-25/2020,EPI_ISL_517636
Suriname/SR-33/2020,EPI_ISL_517644
Suriname/SR-20/2020,EPI_ISL_517631
Suriname/SR-17/2020,EPI_ISL_517628
Suriname/SR-18/2020,EPI_ISL_517629
Suriname/SR-21/2020,EPI_ISL_517632
Suriname/SR-19/2020,EPI_ISL_517630
Suriname/SR-70/2020,EPI_ISL_517662
Suriname/SR-05/2020,EPI_ISL_517616
Suriname/SR-50/2020,EPI_ISL_518799
Suriname/SR-35/2020,EPI_ISL_517646
Suriname/SR-43/2020,EPI_ISL_517654
Suriname/SR-14/2020,EPI_ISL_517625
Suriname/SR-71/2020,EPI_ISL_518818
Suriname/SR-65/2020,EPI_ISL_518814
Suriname/SR-67/2020,EPI_ISL_518816
Suriname/SR-52/2020,EPI_ISL_518801
Suriname/SR-69/2020,EPI_ISL_517661
Suriname/SR-54/2020,EPI_ISL_518803
Suriname/SR-68/2020,EPI_ISL_518817
Suriname/SR-37/2020,EPI_ISL_517648
Suriname/SR-48/2020,EPI_ISL_517659
Suriname/SR-49/2020,EPI_ISL_517660
Suriname/SR-60/2020,EPI_ISL_518809
Suriname/SR-11/2020,EPI_ISL_517622
Suriname/SR-51/2020,EPI_ISL_518800
Suriname/SR-36/2020,EPI_ISL_517647
Suriname/SR-39/2020,EPI_ISL_517650
Suriname/SR-40/2020,EPI_ISL_517651
DRC/11318/2020,EPI_ISL_527559
DRC/7255/2020,EPI_ISL_514124
DRC/94/2020,EPI_ISL_417947
Morocco/6890/2020,EPI_ISL_459968
Morocco/6892/2020,EPI_ISL_459970
SouthAfrica/R07719/2020,EPI_ISL_450301
Gabon/ITM-K023/2020,EPI_ISL_539574
DRC/KN-0070/2020,EPI_ISL_417441
DRC/16133/2020,EPI_ISL_591083
DRC/KN-0072/2020,EPI_ISL_417442
DRC/KN-0058/2020,EPI_ISL_417438
DRC/1326/2020,EPI_ISL_435116
Belgium/ULG-8532/2020,EPI_ISL_418635
Kenya/NIC_228/2020,EPI_ISL_457835
Ghana/82879_S48/2020,EPI_ISL_515100
Palestine/13/2020,EPI_ISL_596502
DRC/3552/2020,EPI_ISL_447605
DRC/16145/2020,EPI_ISL_591085
DRC/2855/2020,EPI_ISL_437350
DRC/3791/2020,EPI_ISL_447242
Bangladesh/G-38/2020,EPI_ISL_600562
Luxembourg/LNS9273149/2020,EPI_ISL_434508
Luxembourg/LNS7812353/2020,EPI_ISL_429793
Luxembourg/LNS9175349/2020,EPI_ISL_434507
Senegal/5971/2020,EPI_ISL_481240
Serbia/KV22-05/2020,EPI_ISL_462435
Luxembourg/LNS4530810/2020,EPI_ISL_429770
Austria/CeMM1077/2020,EPI_ISL_583883
Austria/CeMM1078/2020,EPI_ISL_583884
DRC/10248/2020,EPI_ISL_591087
Morocco/RMPS-15/2020,EPI_ISL_482740
DRC/82/2020,EPI_ISL_417946
BosniaandHerzegovina/ChVir7396/2020,EPI_ISL_462466
BosniaandHerzegovina/ChVir7382/2020,EPI_ISL_462472
DRC/3787/2020,EPI_ISL_447241
England/MILK-A1D31C/2020,EPI_ISL_595049
Senegal/1683/2020,EPI_ISL_480783
DRC/248/2020,EPI_ISL_420035
Bangladesh/CHRF-0011/2020,EPI_ISL_492028
DRC/2580/2020,EPI_ISL_437341
DRC/3483/2020,EPI_ISL_447602
DRC/3490/2020,EPI_ISL_447603
Luxembourg/LNS4535024/2020,EPI_ISL_445063
Luxembourg/LNS6733162/2020,EPI_ISL_459902
Bangladesh/CHRF-0002/2020,EPI_ISL_468070
Switzerland/BL-ETHZ-101184/2020,EPI_ISL_451846
Switzerland/BS-42216352/2020,EPI_ISL_581670
Norway/3024/2020,EPI_ISL_549076
India/GJ-GBRC179b/2020,EPI_ISL_467046
Luxembourg/LNS6613781/2020,EPI_ISL_445060
Switzerland/BS-42253394/2020,EPI_ISL_581925
France/PAC-IHU-0791/2020,EPI_ISL_568966
France/PAC-IHU-0789/2020,EPI_ISL_568965
Guangdong/SYSU-IHV/2020,EPI_ISL_444969
Senegal/6481/2020,EPI_ISL_486871
Senegal/9369/2020,EPI_ISL_486863
SouthAfrica/R05360/2020,EPI_ISL_450298
SouthAfrica/R03006/2020,EPI_ISL_417186
NewZealand/20VR3187/2020,EPI_ISL_579475
Australia/SAP522/2020,EPI_ISL_603127
Germany/BY-MVP-0272/2020,EPI_ISL_466918
Germany/BY-MVP-0273/2020,EPI_ISL_466913
USA/NH_0029/2020,EPI_ISL_424876
Bulgaria/17/2020,EPI_ISL_480300
Nigeria/ED20-CV162/2020,EPI_ISL_527881
Australia/QLD1085/2020,EPI_ISL_593604
Poland/1105973/2020,EPI_ISL_428234
Georgia/Tb/2020,EPI_ISL_416482
NewZealand/20VR2088/2020,EPI_ISL_456371
NewZealand/20VR2077/2020,EPI_ISL_456364
NewZealand/20VR2081/2020,EPI_ISL_456367
NewZealand/20VR3476/2020,EPI_ISL_579496
NewZealand/20VR3128/2020,EPI_ISL_579426
USA/AL-SV107V1/2020,EPI_ISL_509428
Portugal/PT1148/2020,EPI_ISL_511695
BosniaandHerzegovina/ChVir7347/2020,EPI_ISL_462454
Panama/338706/2020,EPI_ISL_496883
Panama/332629/2020,EPI_ISL_496715
Panama/331580/2020,EPI_ISL_496688
Panama/338677/2020,EPI_ISL_496878
Panama/341009/2020,EPI_ISL_496911
Panama/338657/2020,EPI_ISL_496875
CostaRica/INC-0080/2020,EPI_ISL_527748
USA/AK-PHL036/2020,EPI_ISL_492049
USA/AK-PHL043/2020,EPI_ISL_492050
CostaRica/INC-0052/2020,EPI_ISL_512658
CostaRica/06/2020,EPI_ISL_434539
Kenya/C54/2020,EPI_ISL_457847
Kenya/C422/2020,EPI_ISL_457908
Egypt/MASRI-005/2020,EPI_ISL_482759
Egypt/MASRI-007/2020,EPI_ISL_482760
Colombia/AMA-INS-109363/2020,EPI_ISL_526949
Colombia/AMA-INS-105142/2020,EPI_ISL_526950
Uruguay/UY-NYUMC858/2020,EPI_ISL_457954
Egypt/MASRI-008/2020,EPI_ISL_482761
Egypt/MASRI-013/2020,EPI_ISL_482764
Uruguay/UY-NYUMC931/2020,EPI_ISL_480429
Uruguay/UY-NYUMC937/2020,EPI_ISL_480435
Uruguay/UY-NYUMC936/2020,EPI_ISL_480434
Uruguay/UY-NYUMC938/2020,EPI_ISL_480436
Uruguay/UY-NYUMC939/2020,EPI_ISL_480437
Uruguay/UY-272/2020,EPI_ISL_480335
Uruguay/UY-242/2020,EPI_ISL_480334
Uruguay/UY-162/2020,EPI_ISL_480332
Uruguay/UY-82/2020,EPI_ISL_480344
Uruguay/UY-182/2020,EPI_ISL_480333
Uruguay/UY-NYUMC875/2020,EPI_ISL_457971
Uruguay/UY-NYUMC872/2020,EPI_ISL_457968
Uruguay/UY-NYUMC871/2020,EPI_ISL_457967
Uruguay/UY-60/2020,EPI_ISL_480337
Uruguay/UY-AT/2020,EPI_ISL_480347
Uruguay/UY-59/2020,EPI_ISL_480336
Uruguay/UY-75/2020,EPI_ISL_480343
Uruguay/UY-NYUMC876/2020,EPI_ISL_457972
Uruguay/UY-NYUMC934/2020,EPI_ISL_480432
Uruguay/UY-16/2020,EPI_ISL_480331
Uruguay/UY-70/2020,EPI_ISL_480342
Moldova/ChVir7777/2020,EPI_ISL_523966
Kenya/C569/2020,EPI_ISL_568700
Morocco/6889/2020,EPI_ISL_459967
USA/IN-QDX-2619/2020,EPI_ISL_604935
Wales/PHWC-164449/2020,EPI_ISL_474178
CzechRepublic/NRL-6781/2020,EPI_ISL_584080
Kenya/C4083/2020,EPI_ISL_568721
Uganda/UG020/2020,EPI_ISL_451202
Kenya/C2685/2020,EPI_ISL_457884
Italy/APU-UniMI-123PT/2020,EPI_ISL_525554
USA/IN-Lilly-IPB0170-15bc11/2020,EPI_ISL_437456
DRC/10507/2020,EPI_ISL_527492
SouthAfrica/KRISP-0057/2020,EPI_ISL_467446
SouthAfrica/KRISP-0040/2020,EPI_ISL_467442
Colombia/BOY-INS-88871/2020,EPI_ISL_498158
SouthAfrica/KRISP-0041/2020,EPI_ISL_467443
Kenya/C3129/2020,EPI_ISL_457897
NewZealand/20VR3909/2020,EPI_ISL_548146
Australia/WA12/2020,EPI_ISL_470830
Australia/VIC1224/2020,EPI_ISL_430522
Kenya/C5328/2020,EPI_ISL_568760
Kenya/C7081/2020,EPI_ISL_568824
Kenya/C1357/2020,EPI_ISL_457858
Australia/NSW365/2020,EPI_ISL_451626
DRC/10506/2020,EPI_ISL_527524
Italy/ABR-IZSGC-TE46421/2020,EPI_ISL_529024
Nigeria/ED82-CV208/2020,EPI_ISL_527886
Kenya/C1751/2020,EPI_ISL_457867
Kenya/C2847/2020,EPI_ISL_457892
Nigeria/ED48-CV193/2020,EPI_ISL_527885
Australia/NSW2115/2020,EPI_ISL_500621
Uganda/UG015/2020,EPI_ISL_451197
Kenya/C3445/2020,EPI_ISL_457907
Australia/NSW627/2020,EPI_ISL_490036
Egypt/CUNCI-HGC015/2020,EPI_ISL_468056
Australia/NSW521/2020,EPI_ISL_455061
DominicanRepublic/ICGEB_UNIBE022/2020,EPI_ISL_525467
Australia/NSW529/2020,EPI_ISL_455068
Australia/NSW533/2020,EPI_ISL_455072
Australia/SAP212/2020,EPI_ISL_467989
SouthAfrica/KRISP-0213/2020,EPI_ISL_482722
Kenya/C4214/2020,EPI_ISL_568725
Australia/NSW534/2020,EPI_ISL_455073
Australia/NSW530/2020,EPI_ISL_455069
Italy/ABR-IZSGC-TE49273/2020,EPI_ISL_529003
Kenya/C6193/2020,EPI_ISL_568788
Kenya/C4195/2020,EPI_ISL_568723
Brazil/RJ-DCVN5/2020,EPI_ISL_510536
Brazil/RJ-DCVN4/2020,EPI_ISL_510541
Gambia/NPHL-1230/2020,EPI_ISL_561218
India/GJ-GBRC230/2020,EPI_ISL_476869
Brazil/RJ-DCV1/2020,EPI_ISL_509431
Brazil/RJ-DCV3/2020,EPI_ISL_509432
Brazil/RJ-DCV05/2020,EPI_ISL_509430
Brazil/RJ-DCVTV507Q/2020,EPI_ISL_509435
Brazil/RJ-DCVN2/2020,EPI_ISL_529139
Brazil/RJ-DCV5/2020,EPI_ISL_509433
Sweden/20-51678/2020,EPI_ISL_469069
CostaRica/INC-0091/2020,EPI_ISL_527759
Thailand/Bangkok-CONI-0165/2020,EPI_ISL_498259
Hungary/US-2901w/2020,EPI_ISL_477620
Switzerland/BE-ETHZ-120224/2020,EPI_ISL_468286
mink/Netherlands/NB-EMC-46-10/2020,EPI_ISL_577805
mink/Netherlands/NB-EMC-20-21/2020,EPI_ISL_523054
mink/Netherlands/NB-EMC-16-1/2020,EPI_ISL_523029
NewZealand/20VR2006/2020,EPI_ISL_456331
Peru/LIM-INS-148/2020,EPI_ISL_536543
NewZealand/20VR1804/2020,EPI_ISL_456259
Greece/127_HPI/2020,EPI_ISL_430469
Brazil/SP-06/2020,EPI_ISL_414015
Brazil/SP-05/2020,EPI_ISL_414016
CzechRepublic/ChVir1630/2020,EPI_ISL_416742
India/WB-IK52/2020,EPI_ISL_511902
Bangladesh/CHRF-0021/2020,EPI_ISL_492031
SriLanka/COV91/2020,EPI_ISL_428672
Crimea/SRC-80603/2020,EPI_ISL_428901
Morocco/OUA677-19/2020,EPI_ISL_451400
Morocco/OUA677_19/2020,EPI_ISL_458287
Australia/VIC1116/2020,EPI_ISL_430572
NewZealand/20VR1286/2020,EPI_ISL_456210
NewZealand/20VR1807/2020,EPI_ISL_579134
NewZealand/20VR1811/2020,EPI_ISL_579136
NewZealand/20VR2069/2020,EPI_ISL_579223
NewZealand/20VR2094/2020,EPI_ISL_456375
NewZealand/20VR1621/2020,EPI_ISL_456231
NewZealand/20VR1949/2020,EPI_ISL_456319
NewZealand/20VR1890/2020,EPI_ISL_456295
NewZealand/20VR1945/2020,EPI_ISL_579172
NewZealand/20VR1924/2020,EPI_ISL_456309
Moldova/ChVir7768/2020,EPI_ISL_523960
Germany/NW-HHU-77/2020,EPI_ISL_523948
Ukraine/203100339/2020,EPI_ISL_512618
Slovakia/UKBA-210/2020,EPI_ISL_577741
Montenegro/ChVir-1268662002/2020,EPI_ISL_516924
Kenya/C4290/2020,EPI_ISL_568726
Ukraine/203100349/2020,EPI_ISL_512628
CzechRepublic/NRL_7000/2020,EPI_ISL_541082
USA/MO-QDX-2612/2020,EPI_ISL_604946
Cuba/USAFSAM-S031/2020,EPI_ISL_513313
Cuba/USAFSAM-S030/2020,EPI_ISL_513312
USA/IL-QDX-260/2020,EPI_ISL_498725
USA/PA-UW-547/2020,EPI_ISL_484922
USA/IL-UW-376/2020,EPI_ISL_480358
USA/WI-UW-1332/2020,EPI_ISL_536703
USA/ID-UW-21755/2020,EPI_ISL_570848
USA/MN-MDH-1838/2020,EPI_ISL_602973
USA/MN-MDH-1883/2020,EPI_ISL_603018
USA/IA-GMF-13859/2020,EPI_ISL_547662
USA/WI-UW-468/2020,EPI_ISL_484843
USA/WI-UW-555/2020,EPI_ISL_484930
USA/IL-UW-531/2020,EPI_ISL_484906
USA/OH-UW-921/2020,EPI_ISL_509807
USA/NJ-UW-755/2020,EPI_ISL_495460
USA/NY-UW-641/2020,EPI_ISL_491320
USA/IN-QDX-1731/2020,EPI_ISL_604036
USA/IN-Lilly-IPB0170-15bc12/2020,EPI_ISL_437458
CostaRica/CRV-0022/2020,EPI_ISL_480326
CostaRica/CRV-0017/2020,EPI_ISL_480321
NewZealand/20VR0514/2020,EPI_ISL_456161
USA/MI-MDHHS-SC20014/2020,EPI_ISL_437101
Germany/BE-RKI-Z-0011/2020,EPI_ISL_483146
Kenya/C22/2020,EPI_ISL_457845
Chile/Santiago-25669/2020,EPI_ISL_459862
Germany/BY-MVP-0084/2020,EPI_ISL_437278
Ecuador/USFQ-004/2020,EPI_ISL_477014
Ecuador/USFQ-020/2020,EPI_ISL_471267
Ecuador/USFQ-039/2020,EPI_ISL_481245
Ecuador/USFQ-1112/2020,EPI_ISL_486847
Ecuador/USFQ-110/2020,EPI_ISL_486845
Australia/SAP482/2020,EPI_ISL_513912
Italy/ABR-IZSGC-TE26533/2020,EPI_ISL_436726
BosniaandHerzegovina/ChVir7353/2020,EPI_ISL_462459
SouthAfrica/KRISP-101/2020,EPI_ISL_455631
Kenya/C58/2020,EPI_ISL_457848
SouthAfrica/KRISP-0055/2020,EPI_ISL_467444
Germany/BW-UT-025/2020,EPI_ISL_508700
Kenya/C3216/2020,EPI_ISL_457904
Switzerland/UR-ETHZ-120234/2020,EPI_ISL_468295
Chile/Santiago-04917/2020,EPI_ISL_468749
Kenya/C502/2020,EPI_ISL_568699
USA/OR-PROV-202/2020,EPI_ISL_482444
USA/OR-OHSU-0721/2020,EPI_ISL_525892
USA/OR-OHSU-0454/2020,EPI_ISL_525812
Kenya/C4447/2020,EPI_ISL_568729
Australia/NSW531/2020,EPI_ISL_455070
Australia/NSW520/2020,EPI_ISL_455060
Mexico/GRO-InDRE-24/2020,EPI_ISL_493339
Kenya/C5455/2020,EPI_ISL_568768
Belgium/ITM_C161/2020,EPI_ISL_450728
CostaRica/CRV-0015/2020,EPI_ISL_480319
SouthAfrica/KRISP-0029/2020,EPI_ISL_467439
Uganda/UG016/2020,EPI_ISL_451198
Uganda/UG019/2020,EPI_ISL_451201
Poland/1111628/2020,EPI_ISL_450530
Poland/Pom10/2020,EPI_ISL_451651
SouthAfrica/KRISP-104/2020,EPI_ISL_455634
SouthAfrica/KRISP-0193/2020,EPI_ISL_482848
SouthAfrica/KRISP-0145/2020,EPI_ISL_467495
SouthAfrica/KRISP-0091/2020,EPI_ISL_467460
SouthAfrica/KRISP-0075/2020,EPI_ISL_467453
SouthAfrica/KRISP-0122/2020,EPI_ISL_467474
SouthAfrica/KRISP-0080/2020,EPI_ISL_467454
SouthAfrica/KRISP-0121/2020,EPI_ISL_467473
SouthAfrica/KRISP-0026/2020,EPI_ISL_467437
SouthAfrica/KRISP-0024/2020,EPI_ISL_467436
SouthAfrica/KRISP-0096/2020,EPI_ISL_467461
SouthAfrica/KRISP-051/2020,EPI_ISL_436687
Nigeria/ED18-CV161/2020,EPI_ISL_527880
Kenya/C6186/2020,EPI_ISL_568787
Switzerland/BE-ETHZ-140017/2020,EPI_ISL_476087
NorthMacedonia/6497/2020,EPI_ISL_516428
NorthMacedonia/7229/2020,EPI_ISL_516429
SouthKorea/KCDC2194/2020,EPI_ISL_506988
SouthKorea/KCDC2195/2020,EPI_ISL_506989
USA/WY-UNM-WY00104/2020,EPI_ISL_582221
Singapore/1095/2020,EPI_ISL_596485
USA/OR-OHSU-1705/2020,EPI_ISL_526009
SouthAfrica/R10197/2020,EPI_ISL_490262
Mexico/BCN-ALSR-1466/2020,EPI_ISL_496339
USA/CA-CZB-6736/2020,EPI_ISL_582994
Mexico/AGU-InDRE-55/2020,EPI_ISL_576258
USA/TX-DSHS-0708/2020,EPI_ISL_576351
USA/DE-DHSS-F994880/2020,EPI_ISL_593980
USA/DE-DHSS-F996119/2020,EPI_ISL_593981
Mexico/MIC-InDRE-73/2020,EPI_ISL_576276
Mexico/BCN-InDRE-51/2020,EPI_ISL_516611
Mexico/COA-InDRE_41/2020,EPI_ISL_516621
Mexico/BCS-InDRE_30/2020,EPI_ISL_493345
SouthAfrica/KRISP-K002874/2020,EPI_ISL_602687
USA/MD-MDH-0156/2020,EPI_ISL_524883
Nigeria/KW017-CV24/2020,EPI_ISL_455362
Lebanon/S7_763/2020,EPI_ISL_454420
DRC/81/2020,EPI_ISL_417944
Turkey/KU-027/2020,EPI_ISL_495437
Turkey/KU-035/2020,EPI_ISL_495445
Turkey/KU-038/2020,EPI_ISL_495448
Turkey/KU-019/2020,EPI_ISL_495429
Tunisia/COV1339/2020,EPI_ISL_463003
Palestine/23/2020,EPI_ISL_596510
Palestine/24/2020,EPI_ISL_596511
Turkey/GLAB-CoV008/2020,EPI_ISL_427391
Ecuador/USFQ-163/2020,EPI_ISL_525430
Belgium/ULG-10199/2020,EPI_ISL_471434
Turkey/HSGM-1081/2020,EPI_ISL_437310
SaudiArabia/610/2020,EPI_ISL_490007
SaudiArabia/562/2020,EPI_ISL_490003
Turkey/GLAB-CoV210/2020,EPI_ISL_480289
Australia/WA189/2020,EPI_ISL_596752
Australia/WA214/2020,EPI_ISL_596777
India/GJ-GBRC-428a/2020,EPI_ISL_586562
SaudiArabia/KAUST-Madinah208/2020,EPI_ISL_437715
Egypt/MASRI-015/2020,EPI_ISL_482766
Netherlands/NB-EMC-295/2020,EPI_ISL_577844
India/TG-CCMB-AC222/2020,EPI_ISL_539743
Australia/SAP519/2020,EPI_ISL_603124
SaudiArabia/KAUST-JEDDAH883/2020,EPI_ISL_513033
SaudiArabia/KAUST-JEDDAH884/2020,EPI_ISL_513034
Egypt/CUNCI-HGC6I016/2020,EPI_ISL_475723
Canada/MB-NML-1083/2020,EPI_ISL_582434
UnitedArabEmirates/skmc-3138700/2020,EPI_ISL_582653
India/GJ-GBRC-421a/2020,EPI_ISL_590691
India/GJ-GBRC-402a/2020,EPI_ISL_586520
Australia/WA136/2020,EPI_ISL_596699
Bangladesh/G-193/2020,EPI_ISL_600524
Canada/ON-S1479/2020,EPI_ISL_591114
Australia/VIC1802/2020,EPI_ISL_480628
SaudiArabia/KAUST-MADINAH975/2020,EPI_ISL_513213
Austria/CeMM1083/2020,EPI_ISL_583885
Norway/3598/2020,EPI_ISL_590944
Ireland/G-NVRL-20IRL40646-2/2020,EPI_ISL_578276
Australia/WA62/2020,EPI_ISL_512715
Australia/WA63/2020,EPI_ISL_512716
Australia/WA84/2020,EPI_ISL_512737
Australia/NSW1036/2020,EPI_ISL_593688
Australia/SAP483/2020,EPI_ISL_513913
NewZealand/20CV0065/2020,EPI_ISL_548105
NewZealand/20CV0063/2020,EPI_ISL_548104
NewZealand/20VR3494/2020,EPI_ISL_548130
NewZealand/20CV0224/2020,EPI_ISL_548118
NewZealand/20CV0221/2020,EPI_ISL_548116
NewZealand/20CV0362/2020,EPI_ISL_579105
NewZealand/20CV0365/2020,EPI_ISL_579108
NewZealand/20CV0332/2020,EPI_ISL_579092
NewZealand/20CV0223/2020,EPI_ISL_548117
HongKong/HKSH0049/2020,EPI_ISL_578701
HongKong/HKSH0050/2020,EPI_ISL_578702
India/UT-AR28/2020,EPI_ISL_508175
Australia/NSW1120/2020,EPI_ISL_593734
Australia/SAP488/2020,EPI_ISL_516551
NewZealand/20CV0375/2020,EPI_ISL_579113
SaudiArabia/553/2020,EPI_ISL_490002
SaudiArabia/509/2020,EPI_ISL_489998
Egypt/MASRI-014/2020,EPI_ISL_482765
Australia/WA64/2020,EPI_ISL_512717
France/PAC-IHU-1058/2020,EPI_ISL_569043
Slovakia/UKBA-316/2020,EPI_ISL_583484
Norway/3992/2020,EPI_ISL_590958
France/OCC-91/2020,EPI_ISL_593899
France/CVL-9321/2020,EPI_ISL_593936
France/OCC-76/2020,EPI_ISL_603216
France/OCC-87/2020,EPI_ISL_593895
Switzerland/GE-321475-1772-G07/2020,EPI_ISL_603687
Netherlands/ZH-EMC-597/2020,EPI_ISL_578025
France/IDF-9141/2020,EPI_ISL_593907
Belgium/ULG-10493/2020,EPI_ISL_581655
Belgium/ULG-10470/2020,EPI_ISL_581640
Switzerland/BE-321515-1776-H08/2020,EPI_ISL_603724
Nigeria/OY233-CV66/2020,EPI_ISL_487091
Nigeria/ON505-CV43/2020,EPI_ISL_487112
Malaysia/IIUM91/2020,EPI_ISL_455313
SaudiArabia/KAUST-MADINAH1110/2020,EPI_ISL_513114
Austria/Graz-MUG8/2020,EPI_ISL_437298
Turkey/HSGM-8003/2020,EPI_ISL_428721
Australia/WA179/2020,EPI_ISL_596742
Australia/SAP497/2020,EPI_ISL_602578
Australia/QLD990/2020,EPI_ISL_530250
Australia/QLD991/2020,EPI_ISL_530251
Egypt/NRC-03/2020,EPI_ISL_430819
Indonesia/JI-ITD-17398NT/2020,EPI_ISL_529963
Indonesia/JB-TFRIC19-L4173/2020,EPI_ISL_511879
Indonesia/TNG-LIPI001/2020,EPI_ISL_518819
Turkey/HSGM-4236/2020,EPI_ISL_429866
SaudiArabia/KAUST-Madinah24/2020,EPI_ISL_437483
Indonesia/JK-EIJK-38/2020,EPI_ISL_568689
Indonesia/JB-TFRIC19-R42550/2020,EPI_ISL_511878
Indonesia/KS-NIHRD-PME4900/2020,EPI_ISL_538510
Indonesia/YO-UGM-10006/2020,EPI_ISL_576130
Indonesia/JB-TFRIC19-R48875/2020,EPI_ISL_528752
Indonesia/JT-UGM-202538/2020,EPI_ISL_525492
Indonesia/YO-UGM-202449/2020,EPI_ISL_516800
Jordan/SR-0335/2020,EPI_ISL_450187
Nigeria/ON191-CV49/2020,EPI_ISL_487106
SaudiArabia/KAUST-Madinah254/2020,EPI_ISL_437738
SaudiArabia/KAUST-Madinah266/2020,EPI_ISL_437749
SaudiArabia/KAUST-Makkah193/2020,EPI_ISL_437708
SaudiArabia/KAUST-JEDDAH1000/2020,EPI_ISL_512874
SaudiArabia/KAUST-MAKKAH813/2020,EPI_ISL_513262
Kazakhstan/22517/2020,EPI_ISL_454586
SaudiArabia/KAUST-JEDDAH469/2020,EPI_ISL_512924
Australia/VIC1668/2020,EPI_ISL_456569
Australia/VIC2099/2020,EPI_ISL_480708
SaudiArabia/KAUST-JEDDAH991/2020,EPI_ISL_513065
NewZealand/20VR1796/2020,EPI_ISL_456255
Australia/WA276/2020,EPI_ISL_596819
USA/VA-DCLS-1451/2020,EPI_ISL_572318
USA/CT-Yale-390/2020,EPI_ISL_594132
USA/CA-SCCPHD-UC104/2020,EPI_ISL_435583
Tunisia/MHT_1/2020,EPI_ISL_458285
USA/MD-MDH-0143/2020,EPI_ISL_534703
Australia/WA278/2020,EPI_ISL_596821
Australia/NSW598/2020,EPI_ISL_478710
Australia/SAP498/2020,EPI_ISL_602579
Egypt/CUNCI-HGC012/2020,EPI_ISL_468051
Belgium/ULG-10238/2020,EPI_ISL_498144
Canada/BC_6004567/2020,EPI_ISL_418836
Argentina/C1374/2020,EPI_ISL_420599
USA/IL-NM08/2020,EPI_ISL_444521
Peru/JUN-INS-074/2020,EPI_ISL_524471
Colombia/CAU-INS-80705/2020,EPI_ISL_456124
Colombia/CUN-GVI-93301/2020,EPI_ISL_447769
Greece/16260_HPI/2020,EPI_ISL_501231
Iraq/ICGEB-5T/2020,EPI_ISL_582030
Egypt/CUNCI-HGC6I010/2020,EPI_ISL_478672
Colombia/BOL-INS-79738/2020,EPI_ISL_456121
Chile/PuenteAlto-29192/2020,EPI_ISL_459860
Chile/Santiago_46/2020,EPI_ISL_445325
Colombia/HUI-GVI-97875/2020,EPI_ISL_447807
Colombia/HUI-GVI-97855/2020,EPI_ISL_447806
Colombia/AMA-INS-105161/2020,EPI_ISL_526933
Colombia/AMA-INS-106856/2020,EPI_ISL_526932
Colombia/ANT-GVI-92161/2020,EPI_ISL_447763
Venezuela/VEN-95072/2020,EPI_ISL_476704
Colombia/DC-INS-197/2020,EPI_ISL_526971
Colombia/AMA-INS-103039/2020,EPI_ISL_456144
Lebanon/S1_758/2020,EPI_ISL_450508
USA/MA-MGH-00062/2020,EPI_ISL_460310
Egypt/C-CU001a-S1/2020,EPI_ISL_529031
Australia/SAP051/2020,EPI_ISL_451090
Canada/NB_252/2020,EPI_ISL_481749
USA/IL-UW-507/2020,EPI_ISL_484882
USA/WI-WSLH-200387/2020,EPI_ISL_578553
Nigeria/OY175-CV51/2020,EPI_ISL_487104
Sweden/20-08939/2020,EPI_ISL_534229
Latvia/091/2020,EPI_ISL_512646
Latvia/120/2020,EPI_ISL_534209
Latvia/116/2020,EPI_ISL_534205
Latvia/098/2020,EPI_ISL_515185
Latvia/107/2020,EPI_ISL_515194
Latvia/110/2020,EPI_ISL_534199
USA/WI-WSLH-200150/2020,EPI_ISL_578377
Egypt/C-CEIRS-19MOH/2020,EPI_ISL_605780
Serbia/KV52-12-05/2020,EPI_ISL_514426
Bangladesh/G-27/2020,EPI_ISL_600554
USA/NV-NSPHL-A0022/2020,EPI_ISL_515309
USA/OH-QDX-1501/2020,EPI_ISL_603843
Turkey/GLAB-CoV007/2020,EPI_ISL_480231
USA/NJ-UW-557/2020,EPI_ISL_484932
USA/NY-UW-584/2020,EPI_ISL_484959
USA/CO-UW-739/2020,EPI_ISL_491304
USA/PA-CDC-88398/2020,EPI_ISL_576171
USA/OH-QDX-2391/2020,EPI_ISL_604718
Ghana/84279_S42/2020,EPI_ISL_515108
USA/GA-CDC-5095/2020,EPI_ISL_566085
USA/GA-CDC-5108/2020,EPI_ISL_566094
USA/GA-CDC-5126/2020,EPI_ISL_566106
USA/GA-CDC-5103/2020,EPI_ISL_566091
Morocco/6891/2020,EPI_ISL_459969
USA/OK-QDX-770/2020,EPI_ISL_571553
Israel/13077560/2020,EPI_ISL_447431
USA/PA-MGEL102/2020,EPI_ISL_454381
Colombia/MAG-INS-95839/2020,EPI_ISL_498166
Morocco/RMPS-02/2020,EPI_ISL_469049
Egypt/CUNCI-HGC7I01/2020,EPI_ISL_529141
Malaysia/IMR_WC94764/2020,EPI_ISL_490103
Peru/ANC-INS-050/2020,EPI_ISL_516654
USA/GA-CDC-6365/2020,EPI_ISL_576193
USA/VA-DCLS-1534/2020,EPI_ISL_581530
Egypt/CUNCI-HGC6I029/2020,EPI_ISL_477161
USA/CT-Yale-384/2020,EPI_ISL_594126
Colombia/MAG-GVI-93450/2020,EPI_ISL_447777
Peru/LIM-INS-017/2020,EPI_ISL_490316
Peru/LIM-INS-030/2020,EPI_ISL_491434
USA/FL-BPHL-0346/2020,EPI_ISL_489755
Egypt/CUNCI-HGC7I030/2020,EPI_ISL_529144
USA/OK-ADDL-02/2020,EPI_ISL_535361
Egypt/CUNCI-HGC7I025/2020,EPI_ISL_576373
Egypt/CUNCI-7I028/2020,EPI_ISL_524426
Egypt/CUNCI-7I026/2020,EPI_ISL_524427
Egypt/CUNCI-HGC7I029/2020,EPI_ISL_529143
Netherlands/NB-EMC-228/2020,EPI_ISL_523351
Netherlands/UT-EMC-51/2020,EPI_ISL_523528
Netherlands/Gelderland_13/2020,EPI_ISL_455122
mink/Netherlands/NB-EMC-6-18/2020,EPI_ISL_523103
mink/Netherlands/NB-EMC-23-5/2020,EPI_ISL_523080
mink/Netherlands/NB-EMC-26-5/2020,EPI_ISL_523088
mink/Netherlands/NB-EMC-32-6/2020,EPI_ISL_577762
Netherlands/Overijssel_11/2020,EPI_ISL_460800
Netherlands/NB-EMC-240/2020,EPI_ISL_523363
Slovenia/MB0419/2020,EPI_ISL_449799
BosniaandHerzegovina/ChVir7402/2020,EPI_ISL_462470
Nigeria/OS523-CV53/2020,EPI_ISL_527893
Nigeria/OS524-CV45/2020,EPI_ISL_487110
Nigeria/OS589-CV46/2020,EPI_ISL_487109
Chile/Temuco_8/2020,EPI_ISL_445343
USA/FL_7169/2020,EPI_ISL_424855
USA/IA-GMF-16252/2020,EPI_ISL_547722
USA/GA-QDX-234/2020,EPI_ISL_498715
Chile/Santiago_58/2020,EPI_ISL_445354
Chile/Temuco_12/2020,EPI_ISL_445346
Chile/Santiago_61/2020,EPI_ISL_445357
Chile/Santiago-ARP6337/2020,EPI_ISL_591521
Chile/Santiago_81/2020,EPI_ISL_445379
NewZealand/20CV0265/2020,EPI_ISL_579060
Egypt/NRC-01/2020,EPI_ISL_430820
Egypt/Army-MCL001/2020,EPI_ISL_510526
Egypt/HCoV2-Egy-002/2020,EPI_ISL_510532
Egypt/EGY-048/2020,EPI_ISL_527004
Egypt/EGY-040/2020,EPI_ISL_527007
Egypt/EGY-049/2020,EPI_ISL_527005
Egypt/EGY-046/2020,EPI_ISL_527002
Egypt/EGY-045/2020,EPI_ISL_527001
Egypt/EGY-S040/2020,EPI_ISL_526995
Egypt/EGY-S034/2020,EPI_ISL_526989
Egypt/EGY-S038/2020,EPI_ISL_526993
Egypt/EGY-026/2020,EPI_ISL_526981
Egypt/EGY-024/2020,EPI_ISL_526979
Egypt/EGY-022/2020,EPI_ISL_526977
Egypt/EGY-027/2020,EPI_ISL_526982
Egypt/EGY-S036/2020,EPI_ISL_526991
Egypt/EGY-S030/2020,EPI_ISL_526996
France/ARA-1284/2020,EPI_ISL_420616
SaudiArabia/KAUST-MAKKAH768/2020,EPI_ISL_513238
SaudiArabia/KAUST-JEDDAH879/2020,EPI_ISL_513031
SaudiArabia/KAUST-JEDDAH470/2020,EPI_ISL_512925
USA/VA-DCLS-1677/2020,EPI_ISL_572218
Egypt/CUNCI-HGC016/2020,EPI_ISL_468058
USA/NM-UNM-00549/2020,EPI_ISL_542970
Chile/Santiago-05015/2020,EPI_ISL_468751
Egypt/MASRI-023/2020,EPI_ISL_482769
USA/NM-UNM-00758/2020,EPI_ISL_582176
Egypt/CUNCI-HGC009/2020,EPI_ISL_468053
USA/WY-UNM-WY00108/2020,EPI_ISL_582228
USA/WY-UNM-WY00118/2020,EPI_ISL_582235
Malta/BAL-Sliema-2/2020,EPI_ISL_576118
Malta/BAL-Sliema-5/2020,EPI_ISL_576121
CzechRepublic/NRL-8631/2020,EPI_ISL_568577
Malta/BAL-Sliema-3/2020,EPI_ISL_576119
France/PAC-IHU-1430/2020,EPI_ISL_569164
Malta/BAL-Sliema-1/2020,EPI_ISL_576117
Malta/BAL-Sliema-9/2020,EPI_ISL_576125
Malta/BAL-Sliema-6/2020,EPI_ISL_576122
Malta/BAL-Sliema-8/2020,EPI_ISL_576124
Lebanon/S2_759/2020,EPI_ISL_450509
Morocco/6898/2020,EPI_ISL_459976
Australia/QLD973/2020,EPI_ISL_530231
Finland/13May68S20/2020,EPI_ISL_481550
Senegal/382/2020,EPI_ISL_420073
Australia/TAS57/2020,EPI_ISL_522731
NewZealand/20VR1561/2020,EPI_ISL_456222
Canada/AB-Z0001/2020,EPI_ISL_504185
Canada/AB-Z0002/2020,EPI_ISL_515466
France/PAC-IHU-0522/2020,EPI_ISL_569570
Congo/UKT-008/2020,EPI_ISL_581455
Congo/UKT-005/2020,EPI_ISL_581489
Australia/WA73/2020,EPI_ISL_512726
Australia/WA76/2020,EPI_ISL_512729
Australia/WA77/2020,EPI_ISL_512730
Australia/WA82/2020,EPI_ISL_512735
Australia/WA172/2020,EPI_ISL_596735
Slovakia/SK-BMC2/2020,EPI_ISL_417878
Slovakia/UKBA-101/2020,EPI_ISL_572329
CzechRepublic/NRL-7322-1/2020,EPI_ISL_584074
CzechRepublic/NRL-7322-4/2020,EPI_ISL_584077
USA/NC_0024/2020,EPI_ISL_424872
USA/IN-CDC-6387/2020,EPI_ISL_527666
France/HDF-CIBU200132/2020,EPI_ISL_437690
USA/KS_4126/2020,EPI_ISL_424867
USA/MA-MGH-00421/2020,EPI_ISL_460266
France/HDF-1684/2020,EPI_ISL_414626
Aruba/AW-RIVM-10115/2020,EPI_ISL_547448
Madagascar/IP-01650/2020,EPI_ISL_508862
Madagascar/IP-01861/2020,EPI_ISL_508863
USA/NJ-NYUMC841/2020,EPI_ISL_456113
Congo/UKT-014/2020,EPI_ISL_581492
Congo/UKT-015/2020,EPI_ISL_581493
USA/VA-DCLS-0653/2020,EPI_ISL_495325
Australia/SAP014/2020,EPI_ISL_468019
USA/DC-HP00137/2020,EPI_ISL_457823
Congo/UKT-009/2020,EPI_ISL_581490
Congo/UKT-002/2020,EPI_ISL_581487
Congo/UKT-013/2020,EPI_ISL_581491
USA/NM-UNM-00502/2020,EPI_ISL_542935
USA/FL-BPHL-1637/2020,EPI_ISL_594326
USA/FL-BPHL-1179/2020,EPI_ISL_526665
Senegal/6847/2020,EPI_ISL_486865
France/PAC-IHU-0610/2020,EPI_ISL_568886
Slovakia/SK-BMC5/2020,EPI_ISL_417879
Senegal/9838/2020,EPI_ISL_498231
Senegal/6837/2020,EPI_ISL_486868
Norway/2508/2020,EPI_ISL_481218
Luxembourg/LNS7820945/2020,EPI_ISL_459906
Luxembourg/LNS1586475/2020,EPI_ISL_445075
Luxembourg/LNS0681882/2020,EPI_ISL_459893
Australia/NSW632/2020,EPI_ISL_490041
HongKong/HKU-200723-003/2020,EPI_ISL_497770
Australia/WA65/2020,EPI_ISL_512718
Pakistan/NIH-45143/2020,EPI_ISL_468160
Pakistan/NIH-45090/2020,EPI_ISL_468161
SouthKorea/KCDC2683/2020,EPI_ISL_522464
Australia/NSW2429/2020,EPI_ISL_527014
France/PAC-IHU-0817/2020,EPI_ISL_568977
England/BRIS-128F04/2020,EPI_ISL_458872
DRC/10373/2020,EPI_ISL_527495
France/OCC-30/2020,EPI_ISL_482888
France/OCC-45/2020,EPI_ISL_593860
France/OCC-32/2020,EPI_ISL_591099
France/IDF-2532/2020,EPI_ISL_418232
Senegal/611/2020,EPI_ISL_420076
Tunisia/COV0425/2020,EPI_ISL_463005
France/PAC-IHU-0587/2020,EPI_ISL_569605
Gambia/GC19-029/2020,EPI_ISL_428857
Bahrain/920267586/2020,EPI_ISL_487272
Bahrain/03/2020,EPI_ISL_486888
Bahrain/Hu-1/2020,EPI_ISL_485401
Egypt/CUNCI-HGC7I07/2020,EPI_ISL_529145
Egypt/MASRI-025/2020,EPI_ISL_482771
Belize/CDC-6852/2020,EPI_ISL_509714
Belize/CDC-6851/2020,EPI_ISL_509713
USA/CO-UW-MAYO38/2020,EPI_ISL_500527
USA/ID-UW-6350/2020,EPI_ISL_570100
Finland/14M3/2020,EPI_ISL_418407
USA/MD-MDH-0041/2020,EPI_ISL_509445
PuertoRico/CDC-S19/2020,EPI_ISL_434553
Sweden/20-08147/2020,EPI_ISL_430849
CostaRica/INC-0039/2020,EPI_ISL_491450
USA/PA-MGEL92/2020,EPI_ISL_454374
USA/TX-DSHS-0102/2020,EPI_ISL_522385
USA/MI-UM-10034110078/2020,EPI_ISL_578170
Mali/M002758/2020,EPI_ISL_487462
NewZealand/20VR0914/2020,EPI_ISL_456170
Israel/2089812/2020,EPI_ISL_447364
env/USA/MT-BWRF-0327/2020,EPI_ISL_437434
Egypt/MASRI-028/2020,EPI_ISL_483038
NewZealand/20VR1943/2020,EPI_ISL_579170
Norway/2084/2020,EPI_ISL_420150
Norway/2383/2020,EPI_ISL_449790
PuertoRico/CDC-S18/2020,EPI_ISL_434552
France/HDF-1463/2020,EPI_ISL_429968
Israel/CVL1133/2020,EPI_ISL_516903
USA/AK-PHL152/2020,EPI_ISL_436464
Ghana/1622_S2/2020,EPI_ISL_422384
USA/NC-SLPH-0003/2020,EPI_ISL_538516
SierraLeone/KGH-G-8603/2020,EPI_ISL_512813
NewZealand/20VR1192/2020,EPI_ISL_456195
USA/SC-DHEC-0077/2020,EPI_ISL_491106
USA/SC-DHEC-0144/2020,EPI_ISL_529183
SriLanka/CDR-KK224/2020,EPI_ISL_525488
SriLanka/CDR-KK57/2020,EPI_ISL_525486
SriLanka/CDR-KK230/2020,EPI_ISL_525489
Australia/VIC167/2020,EPI_ISL_419864
USA/KY-9A06/2020,EPI_ISL_468063
USA/CA-ALSR-0911-IPL/2020,EPI_ISL_483411
Mexico/NAY-InDRE_28/2020,EPI_ISL_493343
Sweden/20-52686/2020,EPI_ISL_582807
USA/MS-USAFSAM-S023/2020,EPI_ISL_512797
USA/MS-QDX-247/2020,EPI_ISL_498730
USA/LA-GBCL-26544574/2020,EPI_ISL_485146
USA/FL-BPHL-0902/2020,EPI_ISL_517792
Belgium/BA-02291/2020,EPI_ISL_415159
Morocco/6901/2020,EPI_ISL_459979
Morocco/RMPS-04/2020,EPI_ISL_469052
Morocco/RMPS-14/2020,EPI_ISL_482739
Morocco/RMPS-01/2020,EPI_ISL_469017
Benin/260/2020,EPI_ISL_476823
Belgium/rega-0511429/2020,EPI_ISL_477006
Gabon/ITM-K028/2020,EPI_ISL_539576
Gambia/GC19-2197/2020,EPI_ISL_561040
Gambia/NPHL-2458/2020,EPI_ISL_561253
Gambia/NPHL-1424/2020,EPI_ISL_561229
USA/MA-JLL-D25/2020,EPI_ISL_593479
USA/MA-JLL-D81/2020,EPI_ISL_593553
USA/MA-JLL-D152/2020,EPI_ISL_593558
USA/MA-JLL-D143/2020,EPI_ISL_593556
USA/MA-JLL-D128/2020,EPI_ISL_593554
USA/MA-JLL-D146/2020,EPI_ISL_593557
France/PAC-IHU-0417/2020,EPI_ISL_569496
Algeria/G0640_2265/2020,EPI_ISL_418242
Algeria/G0638_2264/2020,EPI_ISL_418241
Algeria/G0860_2262/2020,EPI_ISL_420037
Kenya/S304/2020,EPI_ISL_457935
France/PAC-IHU-0965/2020,EPI_ISL_569015
France/PAC-IHU-0933/2020,EPI_ISL_568996
Norway/3435/2020,EPI_ISL_590897
Switzerland/VD-ETHZ-250145/2020,EPI_ISL_535647
France/PAC-IHU-1511/2020,EPI_ISL_569183
France/ARA-CDP82488/2020,EPI_ISL_582113
England/MILK-99A65B/2020,EPI_ISL_550388
Benin/1409/2020,EPI_ISL_476828
Canada/NL_99/2020,EPI_ISL_469238
Canada/NL_93/2020,EPI_ISL_469233
Senegal/026/2020,EPI_ISL_418209
Netherlands/GE-EMC-264/2020,EPI_ISL_523243
Netherlands/GE-EMC-287/2020,EPI_ISL_523266
Senegal/003/2020,EPI_ISL_418206
Senegal/016/2020,EPI_ISL_418207
USA/NH_0004/2020,EPI_ISL_420791
Senegal/020/2020,EPI_ISL_418208
Benin/501/2020,EPI_ISL_476824
Senegal/9068/2020,EPI_ISL_498236
Senegal/6597/2020,EPI_ISL_486870
Senegal/68488/2020,EPI_ISL_482877
Senegal/9821/2020,EPI_ISL_498232
Benin/1408/2020,EPI_ISL_476825
Mali/M002824/2020,EPI_ISL_487464
Colombia/RIS-GVI-98011/2020,EPI_ISL_447810
SouthKorea/KCDC2213/2020,EPI_ISL_510551
SouthKorea/KCDC2319/2020,EPI_ISL_510655
SouthKorea/KCDC2811/2020,EPI_ISL_526745
SouthKorea/KCDC2813/2020,EPI_ISL_526746
SouthKorea/KCDC2601/2020,EPI_ISL_515004
SouthKorea/KCDC2389/2020,EPI_ISL_514792
SouthKorea/KCDC2516/2020,EPI_ISL_514919
SouthKorea/KCDC2574/2020,EPI_ISL_514977
SouthKorea/KCDC2614/2020,EPI_ISL_515017
USA/CT-Yale-389/2020,EPI_ISL_594131
Mexico/GUA-InDRE-19/2020,EPI_ISL_493334
USA/MD-MDH-0247/2020,EPI_ISL_602270
USA/NM-NMDOH-2020328404/2020,EPI_ISL_569653
Canada/MB-NML-797/2020,EPI_ISL_582316
USA/WI-WSLH-200417/2020,EPI_ISL_578579
USA/WI-GMF-M00015/2020,EPI_ISL_547666
USA/WI-GMF-09680/2020,EPI_ISL_489952
USA/MN-GMF-M00009/2020,EPI_ISL_489904
Singapore/1054/2020,EPI_ISL_574539
Argentina/PAIS-A0019/2020,EPI_ISL_430810
PuertoRico/CDC-S9/2020,EPI_ISL_434549
Uruguay/UY-NYUMC868/2020,EPI_ISL_457964
USA/FL-BPHL-0705/2020,EPI_ISL_509763
Kazakhstan/38716/2020,EPI_ISL_454575
Kazakhstan/33496/2020,EPI_ISL_454585
Argentina/Heritas_HG019/2020,EPI_ISL_476573
Israel/CVL-n26167/2020,EPI_ISL_514294
Jamaica/JM-CDC-6729/2020,EPI_ISL_450798
USA/CT-Yale-393/2020,EPI_ISL_594133
Israel/CVL-n18416/2020,EPI_ISL_516895
Israel/CVL-n26113/2020,EPI_ISL_514286
Argentina/PAIS-A0006/2020,EPI_ISL_430798
Ghana/2333_S5/2020,EPI_ISL_422394
USA/CA-CZB-2118/2020,EPI_ISL_486348
USA/NC-QDX-173/2020,EPI_ISL_494525
USA/SC-DHEC-0881/2020,EPI_ISL_538432
Argentina/Heritas_HG009/2020,EPI_ISL_476568
Argentina/Heritas_HG015/2020,EPI_ISL_476567
Argentina/Heritas_HG018/2020,EPI_ISL_476571
Argentina/Heritas_HG014/2020,EPI_ISL_476563
USA/NV-NSPHL-A0207/2020,EPI_ISL_514674
USA/NV-NSPHL-A0208/2020,EPI_ISL_515461
USA/CO-CSU-D2575-2/2020,EPI_ISL_527467
USA/CO-CSU-D1060-1/2020,EPI_ISL_527431
USA/FL-BPHL-1306/2020,EPI_ISL_541244
USA/NM-UNM-00649/2020,EPI_ISL_560327
USA/WY-WYPHL-20011656/2020,EPI_ISL_540422
Peru/LIM-INS-136/2020,EPI_ISL_536531
Israel/CVL-n18352/2020,EPI_ISL_516894
Israel/CVL-n25886/2020,EPI_ISL_514274
Israel/ISR_NH_MA_0727/2020,EPI_ISL_594158
Israel/CVL-s2064/2020,EPI_ISL_575334
Israel/CVL-s2049/2020,EPI_ISL_575332
Israel/CVL-s2057/2020,EPI_ISL_575333
CzechRepublic/NRL-5751/2020,EPI_ISL_539777
Georgia/Tb-27822/2020,EPI_ISL_471529
Georgia/Tb-22208/2020,EPI_ISL_470876
NewZealand/20VR1281/2020,EPI_ISL_456206
Australia/NSW1016/2020,EPI_ISL_593661
USA/AL-QDX-394/2020,EPI_ISL_571016
USA/NE-892/2020,EPI_ISL_428204
Russia/Orenburg-80305/2020,EPI_ISL_428902
Canada/NS_13/2020,EPI_ISL_418814
Mexico/GRO-InDRE-10/2020,EPI_ISL_455434
Israel/1639953/2020,EPI_ISL_447418
SierraLeone/KGH-G-8548/2020,EPI_ISL_512811
Mexico/CAM-InDRE-64/2020,EPI_ISL_576267
Israel/13075790/2020,EPI_ISL_447445
Israel/CVL-n-7216/2020,EPI_ISL_474963
Ecuador/USFQ-178/2020,EPI_ISL_525432
Ecuador/USFQ-182/2020,EPI_ISL_525433
USA/WI-GMF-01901/2020,EPI_ISL_436891
Ecuador/USFQ-161/2020,EPI_ISL_516648
USA/WI-GMF-01455/2020,EPI_ISL_435394
USA/IA-GMF-M00005/2020,EPI_ISL_455582
USA/CT-Yale-051/2020,EPI_ISL_428390
BosniaandHerzegovina/ChVir7360/2020,EPI_ISL_462463
Colombia/VAC-GVI-93538/2020,EPI_ISL_447790
Mexico/GUA-InDRE-20/2020,EPI_ISL_493335
USA/ID-OHSU-1977/2020,EPI_ISL_525806
Canada/MB-NML-987/2020,EPI_ISL_582362
USA/MA-MGH-00469/2020,EPI_ISL_460226
USA/MA-MGH-00239/2020,EPI_ISL_460237
Aruba/AW-RIVM-10113/2020,EPI_ISL_547446
USA/NY-NYUMC214/2020,EPI_ISL_427509
Beijing/NPRC0004/2020,EPI_ISL_575330
USA/TX-DSHS-0051/2020,EPI_ISL_517982
Canada/NB_260/2020,EPI_ISL_481751
Bulgaria/23/2020,EPI_ISL_480303
Denmark/ALAB-HH-210/2020,EPI_ISL_452065
Denmark/ALAB-HH-265/2020,EPI_ISL_452096
Denmark/ALAB-SSI-1382/2020,EPI_ISL_444850
Australia/WA135/2020,EPI_ISL_596698
Australia/WA171/2020,EPI_ISL_596734
SriLanka/GQC12/2020,EPI_ISL_602574
SriLanka/BIN44/2020,EPI_ISL_602576
SriLanka/WB4/2020,EPI_ISL_602566
SriLanka/MIN01/2020,EPI_ISL_602564
CzechRepublic/NRL_4105/2020,EPI_ISL_491094
Australia/QLD966/2020,EPI_ISL_530234
Australia/WA03/2020,EPI_ISL_420533
Greece/212_34023/2020,EPI_ISL_437881
Aruba/AW-RIVM-10114/2020,EPI_ISL_547447
USA/MD-QDX-2299/2020,EPI_ISL_604534
Colombia/VAC-INS-82320/2020,EPI_ISL_456151
Chile/Punta_Arenas_9/2020,EPI_ISL_445290
NewZealand/20CV0267/2020,EPI_ISL_579062
Germany/NW-HHU-42-2/2020,EPI_ISL_425127
Norway/2448/2020,EPI_ISL_481208
USA/NM-NMDOH-2020126568/2020,EPI_ISL_535276
USA/NM-NMDOH-2020135005/2020,EPI_ISL_535292
Australia/QLD1083/2020,EPI_ISL_593602
Australia/VIC1589/2020,EPI_ISL_456509
Australia/VIC1807/2020,EPI_ISL_480633
Australia/VIC1693/2020,EPI_ISL_456582
Australia/VIC1624/2020,EPI_ISL_456531
Australia/VIC1641/2020,EPI_ISL_456544
France/HDF-1645/2020,EPI_ISL_418220
Kenya/C21582/2020,EPI_ISL_568872
Kenya/D5/2020,EPI_ISL_457999
USA/RI_0882/2020,EPI_ISL_426435
CostaRica/INC-0079/2020,EPI_ISL_527747
Australia/NSW2456/2020,EPI_ISL_527018
USA/NY-PV09087/2020,EPI_ISL_421627
Nigeria/OY607-CV171/2020,EPI_ISL_527902
USA/AZ-TG272215/2020,EPI_ISL_426557
USA/VI-CDC-1999/2020,EPI_ISL_436045
USA/AK-PHL1859/2020,EPI_ISL_528507
USA/AK-PHL1865/2020,EPI_ISL_528508
USA/GA-QDX-241/2020,EPI_ISL_498718
USA/SC-PRG493/2020,EPI_ISL_476897
Nigeria/OY260-CV55/2020,EPI_ISL_487101
Nigeria/OY592-CV167/2020,EPI_ISL_527898
Nigeria/OY595-CV168/2020,EPI_ISL_527899
USA/LA-EVTL172/2020,EPI_ISL_574307
Canada/QC-LSPQ-L00242697/2020,EPI_ISL_536334
USA/WY-WYPHL-20007007/2020,EPI_ISL_493063
USA/UT-02921/2020,EPI_ISL_509543
USA/AZ-UNM-00401/2020,EPI_ISL_508043
USA/AZ-UNM-00375/2020,EPI_ISL_508045
USA/LA-EVTL075/2020,EPI_ISL_451236
USA/WY-UNM-WY00127/2020,EPI_ISL_582236
USA/AZ-TG272213/2020,EPI_ISL_426556
USA/ID-USAFSAM-S029/2020,EPI_ISL_512800
USA/TN-QDX-246/2020,EPI_ISL_498737
USA/MO-UW-771/2020,EPI_ISL_495476
USA/UT-08453/2020,EPI_ISL_524225
USA/UT-UPHL-2009659/2020,EPI_ISL_605334
USA/UT-UPHL-2009603/2020,EPI_ISL_605281
NewZealand/20CV0273/2020,EPI_ISL_579066
USA/UT-UPHL-201013642/2020,EPI_ISL_594427
USA/PR-B6DU/2020,EPI_ISL_534698
USA/UT-UPHL-05560/2020,EPI_ISL_575223
USA/NC-QDX-181/2020,EPI_ISL_494528
NewZealand/20VR2931/2020,EPI_ISL_456392
USA/FL-BPHL-0157/2020,EPI_ISL_480808
USA/LA-EVTL513/2020,EPI_ISL_578917
USA/SC-20-1389-T14/2020,EPI_ISL_516756
USA/MD-MDH-0223/2020,EPI_ISL_591025
USA/MN-MDH-1258/2020,EPI_ISL_482979
USA/MS-USAFSAM-S022/2020,EPI_ISL_512796
USA/LA-ALSR-0068-NBG/2020,EPI_ISL_434525
USA/LA-QDX-1204/2020,EPI_ISL_571945
USA/AL-QDX-470/2020,EPI_ISL_571155
USA/IA-GMF-18906/2020,EPI_ISL_547787
USA/SD-SDPHL-0013/2020,EPI_ISL_569621
Mexico/CHH-InDRE-43/2020,EPI_ISL_516613
USA/NM-DOH-2020313239/2020,EPI_ISL_574266
USA/LA-EVTL489/2020,EPI_ISL_578893
USA/NMDOH-2020320942/2020,EPI_ISL_542065
USA/NM-DOH-2020314838/2020,EPI_ISL_574278
USA/PR-AHAA/2020,EPI_ISL_513293
USA/WA-S2778/2020,EPI_ISL_530135
Australia/NT52/2020,EPI_ISL_521861
USA/LA-GBCL-26791773/2020,EPI_ISL_485381
USA/MA-UW-629/2020,EPI_ISL_491315
USA/IA-UW-662/2020,EPI_ISL_491307
USA/AZ-UW-655/2020,EPI_ISL_491299
USA/NJ-UW-652/2020,EPI_ISL_491319
USA/WI-UW-793/2020,EPI_ISL_495497
USA/NJ-UW-1365/2020,EPI_ISL_536736
USA/FL-BPHL-1413/2020,EPI_ISL_549195
USA/LA-EVTL519/2020,EPI_ISL_578923
Mexico/MIC-InDRE-68/2020,EPI_ISL_576271
USA/NM-DOH-2020321223/2020,EPI_ISL_575293
USA/OR-UW-22446/2020,EPI_ISL_570615
NewZealand/20CV0363/2020,EPI_ISL_579106
USA/WA-S2886/2020,EPI_ISL_596417
USA/WA-S2914/2020,EPI_ISL_596445
USA/FL-BPHL-1567/2020,EPI_ISL_568665
USA/TX-HMH-5282/2020,EPI_ISL_544651
USA/MI-UM-10036306472/2020,EPI_ISL_596598
USA/TX-DSHS-0696/2020,EPI_ISL_576342
USA/AK-PHL634/2020,EPI_ISL_602560
USA/MD-MDH-0251/2020,EPI_ISL_602274
USA/MI-MDHHS-SC21761/2020,EPI_ISL_529879
USA/MN-MDH-1875/2020,EPI_ISL_603010
USA/NY-UW-1351/2020,EPI_ISL_536722
USA/WI-UW-1243/2020,EPI_ISL_536616
USA/MI-UM-10036284225/2020,EPI_ISL_596602
USA/IA-GMF-19239/2020,EPI_ISL_547797
USA/WI-UW-1842/2020,EPI_ISL_605714
Singapore/1104/2020,EPI_ISL_596494
Colombia/RIS-INS-82099/2020,EPI_ISL_456129
USA/NY-NYUMC891/2020,EPI_ISL_467384
Australia/VIC245/2020,EPI_ISL_419940
NewZealand/20CV0325/2020,EPI_ISL_579090
Australia/TAS67/2020,EPI_ISL_522739
Australia/QLD1114/2020,EPI_ISL_593631
USA/IL-UW-1190/2020,EPI_ISL_527794
USA/AZ-TG269863/2020,EPI_ISL_426529
USA/IL-UW-478/2020,EPI_ISL_484853
NewZealand/20VR2091/2020,EPI_ISL_579227
Finland/FIN-455/2020,EPI_ISL_414642
Norway/1989/2020,EPI_ISL_420147
Israel/1639996/2020,EPI_ISL_447417
USA/MN-MDH-1196/2020,EPI_ISL_477286
USA/NJ-CDC-3036/2020,EPI_ISL_452116
USA/UT-UPHL-05590/2020,EPI_ISL_575236
NewZealand/20VR1891/2020,EPI_ISL_456296
USA/MD-MDH-0166/2020,EPI_ISL_534705
NewZealand/20VR3483/2020,EPI_ISL_579501
USA/MD-MDH-0216/2020,EPI_ISL_560829
USA/PR-CDC-S29/2020,EPI_ISL_539495
USA/MD-MDH-0199/2020,EPI_ISL_560812
USA/MD-MDH-0107/2020,EPI_ISL_522842
USA/NY-UW-1381/2020,EPI_ISL_536752
USA/NY-UW-1331/2020,EPI_ISL_536702
USA/MO-UW-1392/2020,EPI_ISL_536763
USA/WI-UW-1660/2020,EPI_ISL_605534
NewZealand/20VR2032/2020,EPI_ISL_456339
NewZealand/20VR2001/2020,EPI_ISL_456328
NewZealand/20CV0329/2020,EPI_ISL_579091
NewZealand/20VR1860/2020,EPI_ISL_456287
NewZealand/20VR2011/2020,EPI_ISL_456332
NewZealand/20VR2002/2020,EPI_ISL_456329
NewZealand/20VR1863/2020,EPI_ISL_456289
NewZealand/20VR1963/2020,EPI_ISL_579182
NewZealand/20VR2103/2020,EPI_ISL_579230
NewZealand/20VR2922/2020,EPI_ISL_456391
CostaRica/INC-0071/2020,EPI_ISL_527739
USA/RI_0702/2020,EPI_ISL_424887
Australia/TAS92/2020,EPI_ISL_522762
Jordan/SR-036/2020,EPI_ISL_429996
USA/CO-CSU-E0491/2020,EPI_ISL_527482
Colombia/VAC-GVI-97212/2020,EPI_ISL_447795
Austria/CeMM0072/2020,EPI_ISL_583560
Denmark/ALAB-SSI-1235/2020,EPI_ISL_444817
USA/WY-WYPHL-00039/2020,EPI_ISL_462931
SouthKorea/KCDC2202/2020,EPI_ISL_506995
USA/CT-Yale-285/2020,EPI_ISL_469207
Colombia/un-CIAT-01/2020,EPI_ISL_445085
USA/VA-DCLS-0845/2020,EPI_ISL_516710
USA/NC-SLPH-0002/2020,EPI_ISL_538515
USA/NY-NYUMC912/2020,EPI_ISL_467405
USA/DE-DHSS-F917974/2020,EPI_ISL_576166
USA/AL-SV101V1/2020,EPI_ISL_509426
Australia/QLD1091/2020,EPI_ISL_593610
Australia/VPRL007/2020,EPI_ISL_455599
Australia/QLD1118/2020,EPI_ISL_593634
Finland/5May36S12/2020,EPI_ISL_481698
Sweden/20-08179/2020,EPI_ISL_455845
Netherlands/NA_107/2020,EPI_ISL_422656
Finland/26A79S5/2020,EPI_ISL_481621
Norway/2660/2020,EPI_ISL_481215
Norway/2549/2020,EPI_ISL_471177
Finland/8May35S7/2020,EPI_ISL_481724
Finland/21A16S11/2020,EPI_ISL_481606
Finland/16May68S11/2020,EPI_ISL_481571
Norway/2506/2020,EPI_ISL_493351
Sweden/20-07439/2020,EPI_ISL_434670
USA/MN-MDH-78/2020,EPI_ISL_460065
Sweden/20-06918/2020,EPI_ISL_475537
CostaRica/INC-0062/2020,EPI_ISL_512668
CostaRica/INC-0083/2020,EPI_ISL_527751
Norway/2828/2020,EPI_ISL_493381
Sweden/20-51900/2020,EPI_ISL_475533
BosniaandHerzegovina/ChVir7370/2020,EPI_ISL_462471
Finland/5A81S4A10/2020,EPI_ISL_481693
HongKong/HKU-200723-106/2020,EPI_ISL_498271
Vietnam/HCMC-35018/2020,EPI_ISL_450742
Canada/QC-LSPQ-L00237883/2020,EPI_ISL_536197
Colombia/VAC-GUR-0135/2020,EPI_ISL_447737
Australia/WA66/2020,EPI_ISL_512719
Israel/2123863/2020,EPI_ISL_447331
USA/CT-Yale-147/2020,EPI_ISL_435717
USA/CT-Yale-283/2020,EPI_ISL_469205
Morocco/RMPS-06/2020,EPI_ISL_469054
USA/NY-NYUMC287/2020,EPI_ISL_428801
USA/VA-DCLS-1216/2020,EPI_ISL_572283
USA/MI-MDHHS-SC20796/2020,EPI_ISL_471817
USA/OR-PROV-102/2020,EPI_ISL_482372
NewZealand/20VR3112/2020,EPI_ISL_579422
Indonesia/JB-TFRIC19-R4975/2020,EPI_ISL_528749
NewZealand/20VR1078/2020,EPI_ISL_456188
Russia/Moscow-80402/2020,EPI_ISL_428905
USA/MI-MDHHS-SC20491/2020,EPI_ISL_460030
Latvia/052/2020,EPI_ISL_486436
Botswana/BOT0455/2020,EPI_ISL_560386
Denmark/ALAB-SSI-793/2020,EPI_ISL_444908
Canada/ON-UHTC_0132/2020,EPI_ISL_526272
USA/DC-UW-1089/2020,EPI_ISL_516514
USA/MI-UM-10035638276/2020,EPI_ISL_583271
USA/IL-UW-1147/2020,EPI_ISL_522881
USA/DE-DHSS-F918481/2020,EPI_ISL_593972
Australia/QLD1111/2020,EPI_ISL_593628
Botswana/BOT2283/2020,EPI_ISL_560385
USA/SD-SDPHL-0008/2020,EPI_ISL_569616
USA/DC-HP00799/2020,EPI_ISL_511864
Argentina/PAIS-A0003/2020,EPI_ISL_430795
USA/RI-CDC-6619/2020,EPI_ISL_535360
USA/MI-UM-10035665108/2020,EPI_ISL_583250
USA/LA-EVTL583/2020,EPI_ISL_578987
USA/MI-MDHHS-SC21178/2020,EPI_ISL_507435
USA/LA-EVTL605/2020,EPI_ISL_579009
USA/ME-HETL-J0101/2020,EPI_ISL_513510
NewZealand/20VR3158/2020,EPI_ISL_579448
Thailand/Bangkok-CONI-0190/2020,EPI_ISL_498262
USA/PA-MGSC49-05/2020,EPI_ISL_436497
USA/MI-QDX-591/2020,EPI_ISL_571329
Montenegro/ChVir-1265622002/2020,EPI_ISL_516922
USA/NM-UNM-00384/2020,EPI_ISL_508076
USA/CA-IGI-0081/2020,EPI_ISL_511835
Colombia/CHO-GUR-0787/2020,EPI_ISL_447750
Croatia/7R-S8new/2020,EPI_ISL_455567
USA/MD-MDH-0118/2020,EPI_ISL_522851
Belgium/UGent-142/2020,EPI_ISL_481233
USA/ME-HETL-J0002/2020,EPI_ISL_513415
USA/NM-UNM-00018/2020,EPI_ISL_467599
Thailand/Bangkok-CONI-0215/2020,EPI_ISL_568580
USA/CO-UW-MAYO37/2020,EPI_ISL_500509
Denmark/ALAB-SSI-570/2020,EPI_ISL_436973
USA/NV-NSPHL-A0206/2020,EPI_ISL_515460
USA/MI-MDHHS-SC21711/2020,EPI_ISL_529830
USA/WY-WYPHL-20015627/2020,EPI_ISL_540921
Romania/Bucuresti-293034/2020,EPI_ISL_471420
USA/OR-PROV-128/2020,EPI_ISL_482392
Chile/Valparaiso_5/2020,EPI_ISL_445337
USA/MI-MDHHS-SC22016/2020,EPI_ISL_577576
USA/AL-CDC-0731/2020,EPI_ISL_509688
USA/OH-USAFSAM-S044/2020,EPI_ISL_512809
USA/SD-SDPHL-0003/2020,EPI_ISL_569611
NewZealand/20VR2539/2020,EPI_ISL_456383
USA/SD-SDPHL-0002/2020,EPI_ISL_569610
USA/SD-SDPHL-0009/2020,EPI_ISL_569617
USA/CA-SR0426/2020,EPI_ISL_467957
USA/TN-CDC-0815/2020,EPI_ISL_540432
Mexico/BCN-ALSR-1710/2020,EPI_ISL_496371
Israel/701002561/2020,EPI_ISL_447288
USA/WA-UW-3812/2020,EPI_ISL_427176
USA/WY-WYPHL-00073/2020,EPI_ISL_462965
USA/MN-MDH-1778/2020,EPI_ISL_590780
Colombia/TOL-INS-0330-T5/2020,EPI_ISL_526965
USA/AR-CDC-4307/2020,EPI_ISL_527649
USA/AR-CDC-7907/2020,EPI_ISL_576197
Mexico/BCN-ALSR-1711/2020,EPI_ISL_496372
Colombia/VAC-GVI-93477/2020,EPI_ISL_447783
USA/VI-CDC-4400/2020,EPI_ISL_454648
USA/VI-CDC-4670/2020,EPI_ISL_452138
USA/VT-UW-MAYO49/2020,EPI_ISL_491004
CostaRica/INC-0045/2020,EPI_ISL_491456
Nigeria/OY008-CV29/2020,EPI_ISL_455429
Chile/Santiago-ADF564K_42/2020,EPI_ISL_591520
USA/WA-S809/2020,EPI_ISL_449979
Ecuador/USFQ-096/2020,EPI_ISL_477015
USA/TX-HMH-8076/2020,EPI_ISL_545841
USA/DE-DHSS-F952974/2020,EPI_ISL_593979
Sweden/20-52313/2020,EPI_ISL_548255
USA/NC-SLPH-0017/2020,EPI_ISL_538521
USA/NC-SLPH-0018/2020,EPI_ISL_538522
Georgia/Tb-7856/2020,EPI_ISL_481380
Georgia/Tb-5727/2020,EPI_ISL_481483
Georgia/Tb-6572/2020,EPI_ISL_447056
Georgia/Tb-6598/2020,EPI_ISL_447055
USA/AZ-QDX-2260/2020,EPI_ISL_604501
Germany/NW-MPP-28/2020,EPI_ISL_487417
Germany/NW-MPP-31/2020,EPI_ISL_487421
Germany/NW-MPP-24/2020,EPI_ISL_487413
USA/WY-WYPHL-20007413/2020,EPI_ISL_493126
USA/NJ-NYUMC625/2020,EPI_ISL_444742
USA/NV-NSPHL-A0071/2020,EPI_ISL_515351
USA/OR-OHSU-0141/2020,EPI_ISL_468111
USA/AK-PHL154/2020,EPI_ISL_492061
USA/IA-10859/2020,EPI_ISL_475190
USA/WY-UNM-WY00111/2020,EPI_ISL_582229
USA/NE-11310/2020,EPI_ISL_466676
USA/CO-CSU-B1397/2020,EPI_ISL_527401
Mexico/TAM-InDRE_38/2020,EPI_ISL_516624
CostaRica/INC-0068/2020,EPI_ISL_512673
CostaRica/INC-0086/2020,EPI_ISL_527754
USA/VI-CDC-4367/2020,EPI_ISL_454650
USA/CT-Yale-358/2020,EPI_ISL_527774
USA/CT-Yale-371/2020,EPI_ISL_527785
Australia/QLD970/2020,EPI_ISL_530230
Australia/QLD1094/2020,EPI_ISL_593613
USA/CA-CZB-1773/2020,EPI_ISL_476790
Australia/QLD968/2020,EPI_ISL_530228
USA/MD_NIDDL_2981/2020,EPI_ISL_491908
Australia/QLD1015/2020,EPI_ISL_530275
Colombia/VAC-GVI-93352/2020,EPI_ISL_447771
Colombia/VAC-GVI-93366/2020,EPI_ISL_447774
Morocco/RMPS-05/2020,EPI_ISL_469053
USA/NY-NYUMC301/2020,EPI_ISL_430328
USA/SD-SDPHL-0001/2020,EPI_ISL_569609
Australia/QLD967/2020,EPI_ISL_530232
USA/VA-DCLS-0644/2020,EPI_ISL_495316
USA/IL-UW-142/2020,EPI_ISL_427449
NewZealand/20VR3068/2020,EPI_ISL_579407
USA/VA-DCLS-0897/2020,EPI_ISL_516682
Denmark/ALAB-HH-181/2020,EPI_ISL_452048
USA/AL-UW-MAYO12/2020,EPI_ISL_500522
USA/TX-HMH-877/2020,EPI_ISL_545894
USA/NM-UNM-00547/2020,EPI_ISL_542968
USA/MI-MDHHS-SC20893/2020,EPI_ISL_476030
USA/WY-UNM-WY00100/2020,EPI_ISL_582232
Sweden/20-08990/2020,EPI_ISL_582772
Sweden/20-08992/2020,EPI_ISL_582774
Sweden/20-08991/2020,EPI_ISL_582773
USA/NV-UW-1311/2020,EPI_ISL_536683
USA/WA-UW-13332/2020,EPI_ISL_501140
USA/MN-MDH-1637/2020,EPI_ISL_539831
Denmark/SSI-01/2020,EPI_ISL_416142
NewZealand/20VR3165/2020,EPI_ISL_579455
France/PAC-IHU-0087/2020,EPI_ISL_569302
CostaRica/INC-0084/2020,EPI_ISL_527752
Norway/2090/2020,EPI_ISL_420153
Nigeria/OY628-CV185/2020,EPI_ISL_527912
Iceland/99/2020,EPI_ISL_417768
Brazil/PE-IAM158/2020,EPI_ISL_500465
Austria/CeMM0146/2020,EPI_ISL_437994
Australia/SAP437/2020,EPI_ISL_508128
Nigeria/Lagos01/2020,EPI_ISL_413550
Sweden/20-50097/2020,EPI_ISL_455852
Canada/MB-NML-847/2020,EPI_ISL_582336
Switzerland/ZH-ETHZ-150034plus/2020,EPI_ISL_483662
Mexico/CMX-IMSS_01/2020,EPI_ISL_424731
USA/NH-QDX-618/2020,EPI_ISL_571389
Zambia/29/2020,EPI_ISL_510529
Argentina/PAIS-A0001/2020,EPI_ISL_430793
Russia/SPE-RII-30769S/2020,EPI_ISL_596228
UnitedArabEmirates/434/2020,EPI_ISL_528700
UnitedArabEmirates/16B/2020,EPI_ISL_528690
Belgium/BT-0407271/2020,EPI_ISL_464065
Belgium/ULG-10242/2020,EPI_ISL_498148
USA/GA_2741/2020,EPI_ISL_419556
USA/GA_2742/2020,EPI_ISL_419557
Switzerland/GR-HUG-2988/2020,EPI_ISL_415698
Switzerland/GR-HUG-3043/2020,EPI_ISL_415699
Nigeria/OY633-CV189/2020,EPI_ISL_527914
USA/VA-DCLS-0548/2020,EPI_ISL_485849
Bulgaria/06/2020,EPI_ISL_480297
Bulgaria/24/2020,EPI_ISL_480304
Finland/13M77/2020,EPI_ISL_418397
Belgium/rega-0506487/2020,EPI_ISL_477004
Nigeria/OY598-CV169/2020,EPI_ISL_527900
Nigeria/OY605-CV170/2020,EPI_ISL_527901
Luxembourg/LNS7357097/2020,EPI_ISL_429779
HongKong/HKU-200723-097/2020,EPI_ISL_497864
Portugal/PT0942/2020,EPI_ISL_511492
Belgium/DLM-0330385/2020,EPI_ISL_462239
Australia/VIC10980/2020,EPI_ISL_563179
USA/OR-UW-23549/2020,EPI_ISL_576474
Hungary/MH-7051/2020,EPI_ISL_526222
Hungary/MH-5846/2020,EPI_ISL_526227
Hungary/MH-642/2020,EPI_ISL_526216
Hungary/MH-597/2020,EPI_ISL_526215
Morocco/moh100/2020,EPI_ISL_476024
Morocco/CA24/2020,EPI_ISL_476025
Morocco/RMPS-12/2020,EPI_ISL_482737
Morocco/AZ183/2020,EPI_ISL_476026
Morocco/6888/2020,EPI_ISL_459966
Ireland/D-SVUH-R6519/2020,EPI_ISL_596650
Ireland/D-SVUH-R6698/2020,EPI_ISL_596657
Ireland/D-SVUH-R9464/2020,EPI_ISL_596635
Ireland/D-SVUH-R9485/2020,EPI_ISL_596630
Ireland/D-SVUH-R9592/2020,EPI_ISL_596631
Chile/Santiago_12/2020,EPI_ISL_445255
Canada/NS-NML-1365/2020,EPI_ISL_579741
Canada/NS-NML-1333/2020,EPI_ISL_579712
Canada/NS-NML-971/2020,EPI_ISL_579594
SouthAfrica/KRISP-012/2020,EPI_ISL_421576
Ecuador/USFQ-129/2020,EPI_ISL_491934
Nigeria/ON507-CV44/2020,EPI_ISL_487111
Brazil/SP-12/2020,EPI_ISL_416034
Portugal/PT0422/2020,EPI_ISL_454146
Switzerland/BS-42335263/2020,EPI_ISL_581893
Switzerland/BE-ETHZ-150015plus/2020,EPI_ISL_483654
HongKong/HKU-200723-019/2020,EPI_ISL_497786
USA/GA-CDC-4466/2020,EPI_ISL_576191
Peru/LIM-UPCH-0101/2020,EPI_ISL_540979
DominicanRepublic/ICGEB_UNIBE258/2020,EPI_ISL_523812
Moldova/ICGEB_MD1/2020,EPI_ISL_516934
Moldova/ICGEB_MD7/2020,EPI_ISL_516936
Egypt/CUNCI-HGC6I031/2020,EPI_ISL_475724
Egypt/C-CU002b-S3/2020,EPI_ISL_529032
Egypt/CUNCI-HGC7I023/2020,EPI_ISL_576372
Uganda/UG009/2020,EPI_ISL_451191
Uganda/UG003/2020,EPI_ISL_451185
Philippines/PH-RITM-0019/2020,EPI_ISL_491298
Malaysia/9886/2020,EPI_ISL_501228
SouthAfrica/R04827/2020,EPI_ISL_450296
Netherlands/Berlicum_1363564/2020,EPI_ISL_413565
Austria/CeMM0856/2020,EPI_ISL_583730
CzechRepublic/2556/2020,EPI_ISL_425228
Netherlands/Limburg_38/2020,EPI_ISL_461026
Netherlands/Limburg_50/2020,EPI_ISL_461038
Georgia/Tb-273/2020,EPI_ISL_416479
Brazil/SP-07/2020,EPI_ISL_416028
Mexico/PUE-InDRE-17/2020,EPI_ISL_455455
Mexico/CMX-InDRE-08/2020,EPI_ISL_452141
Ireland/D-NVRL-19072/2020,EPI_ISL_414584
Switzerland/SG-ETHZ-130013/2020,EPI_ISL_467007
Ukraine/203100358/2020,EPI_ISL_512637
HongKong/VM20008964-2/2020,EPI_ISL_539851
Germany/NW-HHU-D809/2020,EPI_ISL_572331
Germany/NW-HHU-D870/2020,EPI_ISL_572397
NewZealand/20VR3162/2020,EPI_ISL_579452
USA/FL_5125/2020,EPI_ISL_419559
Australia/SAP158/2020,EPI_ISL_492115
Brazil/SP-13/2020,EPI_ISL_416035
Senegal/83493/2020,EPI_ISL_498252
Senegal/64729/2020,EPI_ISL_477155
Hungary/UD-6802/2020,EPI_ISL_477010
Canada/ON-S903/2020,EPI_ISL_586476
Canada/ON-UHTC_0117/2020,EPI_ISL_526265
Japan/NGY-NNH-010/2020,EPI_ISL_568565
Japan/NGY-NNH-016/2020,EPI_ISL_568571
Japan/NGY-NNH-019/2020,EPI_ISL_568574
Japan/NGY-NNH-015/2020,EPI_ISL_568570
Japan/NGY-NNH-018/2020,EPI_ISL_568573
Japan/NGY-NNH-021/2020,EPI_ISL_568576
Japan/NGY-NNH-020/2020,EPI_ISL_568575
USA/NV-NSPHL-A0160/2020,EPI_ISL_515422
Japan/Donner30/2020,EPI_ISL_469288
Botswana/BOT2624/2020,EPI_ISL_560387
Japan/PG-0524/2020,EPI_ISL_480182
Bulgaria/21/2020,EPI_ISL_480302
Greece/16034_HPI/2020,EPI_ISL_501230
Australia/WA139/2020,EPI_ISL_596702
Switzerland/GE-HUG-0199/2020,EPI_ISL_415455
Palestine/21/2020,EPI_ISL_596508
Switzerland/GE-HUG-5737/2020,EPI_ISL_429200
SouthAfrica/R10307/2020,EPI_ISL_490268
SouthAfrica/KRISP-0150/2020,EPI_ISL_467500
USA/WA-S962/2020,EPI_ISL_463452
USA/WA-S1877/2020,EPI_ISL_496303
USA/WA-S2615/2020,EPI_ISL_497247
Ireland/MN-NVRL-20IRL22150/2020,EPI_ISL_501254
SouthAfrica/R10238/2020,EPI_ISL_490265
USA/WA-UW-13367/2020,EPI_ISL_501145
Botswana/BOT4161/2020,EPI_ISL_560388
Botswana/BOT2855/2020,EPI_ISL_560389
Mexico/TAB-InDRE-22/2020,EPI_ISL_493337
Mexico/HID-InDRE-54/2020,EPI_ISL_576257
Peru/UN-INS-041/2020,EPI_ISL_547957
Romania/Bucuresti-4105/2020,EPI_ISL_468134
Romania/Bucuresti-6451/2020,EPI_ISL_468145
Germany/NW-HHU-80/2020,EPI_ISL_539596
Romania/284783/2020,EPI_ISL_455474
Mexico/HID-InDRE-65/2020,EPI_ISL_576268
Peru/LIM-UPCH-0146/2020,EPI_ISL_568540
Peru/LIM-UPCH-0150/2020,EPI_ISL_568544
Lithuania/C20-05-R15/2020,EPI_ISL_560394
Mexico/MOR-InDRE-26/2020,EPI_ISL_493341
Mexico/TLA-InDRE-56/2020,EPI_ISL_576259
Vietnam/VNHN_4806/2020,EPI_ISL_455711
Peru/LOR-INS-058/2020,EPI_ISL_514317
Peru/ANC-INS-059/2020,EPI_ISL_517687
USA/PN-UW-1106/2020,EPI_ISL_516531
Norway/2951/2020,EPI_ISL_549165
Vietnam/VNHN_4864/2020,EPI_ISL_455708
Liaoning/IVDC-01/2020,EPI_ISL_498692
Liaoning/IVDC-02/2020,EPI_ISL_498694
Liaoning/IVDC-03/2020,EPI_ISL_498693
Russia/SPE-RII-30848S/2020,EPI_ISL_596229
NewZealand/20VR3802/2020,EPI_ISL_548138
NewZealand/20VR3804/2020,EPI_ISL_548139
NewZealand/20VR3828/2020,EPI_ISL_548140
Peru/CAL-INS-135/2020,EPI_ISL_536530
Germany/BW-ChVir-1577/2020,EPI_ISL_412912
Peru/LIM-INS-016/2020,EPI_ISL_490315
Peru/UN-INS-085/2020,EPI_ISL_547906
Serbia/Krusevac-05881304/2020,EPI_ISL_582527
Switzerland/FR-ETHZ-180008/2020,EPI_ISL_489964
Montenegro/ChVir-1800942002/2020,EPI_ISL_516930
Serbia/KV-072107/2020,EPI_ISL_541660
Norway/2967/2020,EPI_ISL_549094
Wales/PHWC-16F790/2020,EPI_ISL_586017
NorthMacedonia/7808/2020,EPI_ISL_516431
Serbia/NP363-04/2020,EPI_ISL_437436
Serbia/KV-0391607/2020,EPI_ISL_541662
Austria/CeMM1084/2020,EPI_ISL_583886
Serbia/Cuprija-00880404/2020,EPI_ISL_582525
Montenegro/ChVir-1800902002/2020,EPI_ISL_516928
Australia/SAP517/2020,EPI_ISL_603123
Serbia/KM-050707/2020,EPI_ISL_541658
Slovakia/UKBA-209/2020,EPI_ISL_577740
Serbia/NP-0401307/2020,EPI_ISL_541650
Switzerland/BL-ETHZ-190090/2020,EPI_ISL_500945
Switzerland/ZH-ETHZ-200064/2020,EPI_ISL_510745
Serbia/KM-0560707/2020,EPI_ISL_541657
Slovakia/UKBA-313/2020,EPI_ISL_583481
Slovakia/UKBA-322/2020,EPI_ISL_583489
Peru/UN-INS-039/2020,EPI_ISL_547955
Oman/C-3067/2020,EPI_ISL_491171
Oman/205037858/2020,EPI_ISL_491988
UnitedArabEmirates/skmc-3358094/2020,EPI_ISL_582658
Oman/205040106/2020,EPI_ISL_492011
Oman/205036471/2020,EPI_ISL_491980
Oman/24618/2020,EPI_ISL_491129
Oman/20099/2020,EPI_ISL_491167
Oman/205041214/2020,EPI_ISL_492014
Oman/205042822/2020,EPI_ISL_492020
Oman/205042917/2020,EPI_ISL_492022
Oman/205035503/2020,EPI_ISL_491969
Peru/LIM-UPCH-0116/2020,EPI_ISL_568513
Chile/Concepcion_1/2020,EPI_ISL_445281
Peru/LIM-INS-139/2020,EPI_ISL_536534
Peru/UN-INS-081/2020,EPI_ISL_547902
Peru/LOR-INS-079/2020,EPI_ISL_514339
Peru/LOR-INS-080/2020,EPI_ISL_514340
Peru/LIM-UPCH-0088/2020,EPI_ISL_540966
Peru/UN-INS-032/2020,EPI_ISL_547948
Chile/Chillan_4/2020,EPI_ISL_445378
Peru/ARE-INS-076/2020,EPI_ISL_527789
Peru/CAL-UPCH-0062/2020,EPI_ISL_540946
Peru/UCA-UPCH-0067/2020,EPI_ISL_540950
Peru/LIM-UPCH-0033/2020,EPI_ISL_540933
Kenya/C6958/2020,EPI_ISL_568819
Kenya/C4706/2020,EPI_ISL_568734
Peru/LIM-UPCH-0123/2020,EPI_ISL_568519
Peru/LIM-UPCH-0137/2020,EPI_ISL_568533
USA/MO_4470/2020,EPI_ISL_424870
Finland/5A44S2/2020,EPI_ISL_481686
Peru/LIM-INS-140/2020,EPI_ISL_536535
Japan/Donner31/2020,EPI_ISL_469289
Morocco/6902/2020,EPI_ISL_459980
Morocco/15N/2020,EPI_ISL_458150
Argentina/PAIS-A0025/2020,EPI_ISL_430816
Argentina/PAIS-A0027/2020,EPI_ISL_430818
Turkey/KU-023/2020,EPI_ISL_495433
Turkey/KU-011/2020,EPI_ISL_495421
Belize/CDC-6840/2020,EPI_ISL_509711
Belize/CDC-6846/2020,EPI_ISL_509712
Greece/26072_HPI/2020,EPI_ISL_501236
Greece/24440_HPI/2020,EPI_ISL_501235
Palestine/2/2020,EPI_ISL_596514
Palestine/55/2020,EPI_ISL_596538
Palestine/86/2020,EPI_ISL_596559
Palestine/52/2020,EPI_ISL_596536
Palestine/36/2020,EPI_ISL_596520
Palestine/45/2020,EPI_ISL_596528
Palestine/87/2020,EPI_ISL_596560
Israel/CVL5421/2020,EPI_ISL_516917
Palestine/44/2020,EPI_ISL_596527
Palestine/64/2020,EPI_ISL_596542
Palestine/71/2020,EPI_ISL_596547
Palestine/95/2020,EPI_ISL_596565
Palestine/69/2020,EPI_ISL_596545
NorthMacedonia/ChVir7909/2020,EPI_ISL_492080
Japan/PG-0500/2020,EPI_ISL_480159
Japan/Donner36/2020,EPI_ISL_469294
Uruguay/UY-NYUMC877/2020,EPI_ISL_457973
USA/NE-11480/2020,EPI_ISL_475217
Latvia/088/2020,EPI_ISL_512313
Bahrain/02/2020,EPI_ISL_486887
India/MH-NIV-97052/2020,EPI_ISL_541749
India/MH-NIV-176041/2020,EPI_ISL_541716
India/MH-NIV-215370/2020,EPI_ISL_577645
India/MH-NIV-122530/2020,EPI_ISL_541690
India/MH-NIV-229388/2020,EPI_ISL_577717
India/MH-NIV-229665/2020,EPI_ISL_577695
Australia/WA140/2020,EPI_ISL_596703
Japan/PG-0566/2020,EPI_ISL_480214
USA/TX-HMH-786/2020,EPI_ISL_545668
NorthMacedonia/3193/2020,EPI_ISL_516422
NorthMacedonia/7245/2020,EPI_ISL_516430
Uruguay/UY-NYUMC873/2020,EPI_ISL_457969
Botswana/BOT2254/2020,EPI_ISL_560390
USA/FL-BPHL-0303/2020,EPI_ISL_489712
Italy/INMI44/2020,EPI_ISL_603151
Italy/INMI35/2020,EPI_ISL_603142
Italy/INMI47/2020,EPI_ISL_603154
NorthMacedonia/2175/2020,EPI_ISL_514354
Greece/22565_HPI/2020,EPI_ISL_501250
NorthMacedonia/3122/2020,EPI_ISL_516421
Greece/19553_HPI/2020,EPI_ISL_501233
Netherlands/Helmond_1363548/2020,EPI_ISL_413574
Switzerland/AG-HUG-7120/2020,EPI_ISL_415457
Brazil/SP-405/2020,EPI_ISL_547577
Brazil/RJ-L12-CD192/2020,EPI_ISL_476210
Brazil/RJ-0277/2020,EPI_ISL_470643
Brazil/RJ-UFRJ-58090/2020,EPI_ISL_492046
Brazil/SP-279/2020,EPI_ISL_527858
Australia/QLD1096/2020,EPI_ISL_593615
Brazil/RJ-UFRJ-57437/2020,EPI_ISL_492043
Brazil/SP-181/2020,EPI_ISL_523976
Brazil/RJ-UFRJ-2517/2020,EPI_ISL_492035
Brazil/RJ-UFRJ-57722/2020,EPI_ISL_492045
Brazil/SP-434/2020,EPI_ISL_603031
Brazil/SP-435/2020,EPI_ISL_603032
Brazil/SP-418/2020,EPI_ISL_547580
Suriname/SR-63/2020,EPI_ISL_518812
Suriname/SR-46/2020,EPI_ISL_517657
Suriname/SR-58/2020,EPI_ISL_518807
Suriname/SR-56/2020,EPI_ISL_518805
Brazil/SP-L11-CD200/2020,EPI_ISL_476201
Brazil/RS-L10-CD175/2020,EPI_ISL_476188
Brazil/PI-0239/2020,EPI_ISL_470613
Brazil/RJ-UFRJ-2215/2020,EPI_ISL_492034
Chile/Santiago_76/2020,EPI_ISL_445373
Chile/Santiago_52/2020,EPI_ISL_445349
Chile/Santiago-LRF3924/2020,EPI_ISL_591522
Chile/Santiago-ADC1858/2020,EPI_ISL_591528
Chile/Santiago-NA4204/2020,EPI_ISL_591523
Chile/Santiago-IN533883977/2020,EPI_ISL_591532
Chile/Santiago-A5P533884002/2020,EPI_ISL_591534
Chile/Santiago-RSV7306/2020,EPI_ISL_591524
Chile/Santiago-EDB244K/2020,EPI_ISL_591530
Brazil/PA-IEC-161548/2020,EPI_ISL_450874
Suriname/SR-62/2020,EPI_ISL_518811
Brazil/SP-L5-CAMPI95/2020,EPI_ISL_476422
Brazil/RJ-INCA-C183/2020,EPI_ISL_513521
Brazil/SP-388/2020,EPI_ISL_574596
Uruguay/UY-667/2020,EPI_ISL_480341
Uruguay/UY-652/2020,EPI_ISL_480340
Uruguay/UY-651/2020,EPI_ISL_480339
Uruguay/UY-650/2020,EPI_ISL_480338
Uruguay/UY-957/2020,EPI_ISL_480346
Brazil/RJ-1783/2020,EPI_ISL_541347
Brazil/RJ-2966/2020,EPI_ISL_541367
Brazil/RJ-INCA-I37/2020,EPI_ISL_513577
Brazil/SP-259/2020,EPI_ISL_524470
Brazil/SP-399/2020,EPI_ISL_603029
Argentina/Heritas_HG001/2020,EPI_ISL_476496
Argentina/PAIS-A0026/2020,EPI_ISL_430817
Argentina/PAIS-A0024/2020,EPI_ISL_430815
Argentina/Heritas_HG006/2020,EPI_ISL_476561
Argentina/PAIS-A0023/2020,EPI_ISL_430814
Argentina/Heritas_HG007/2020,EPI_ISL_476565
Brazil/SP-354/2020,EPI_ISL_547574
Brazil/MA-IEC-166716/2020,EPI_ISL_524789
Brazil/RO-03/2020,EPI_ISL_514133
Brazil/PR-LRV-01/2020,EPI_ISL_510535
Brazil/CE-L16-CD332/2020,EPI_ISL_476281
Chile/Santiago_56/2020,EPI_ISL_445352
Brazil/RO-02/2020,EPI_ISL_514132
USA/WI-UW-375/2020,EPI_ISL_480357
Brazil/AP-IEC-163972/2020,EPI_ISL_458144
Brazil/RJ-INCA-C69/2020,EPI_ISL_513561
Brazil/RJ-INCA-I43/2020,EPI_ISL_513579
Brazil/MA-IEC-166867/2020,EPI_ISL_524799
Brazil/SP-163/2020,EPI_ISL_523959
Australia/NSW606/2020,EPI_ISL_478718
Brazil/SP-600/2020,EPI_ISL_515525
SouthAfrica/KRISP-K003713/2020,EPI_ISL_602893
England/QEUH-963BA7/2020,EPI_ISL_531494
Uganda/UG007/2020,EPI_ISL_451189
Uganda/UG014/2020,EPI_ISL_451196
Australia/SAP317/2020,EPI_ISL_483097
Uganda/UG004/2020,EPI_ISL_451186
Uganda/UG008/2020,EPI_ISL_451190
Uganda/UG010/2020,EPI_ISL_451192
Peru/JUN-INS-127/2020,EPI_ISL_536525
Peru/UN-INS-051/2020,EPI_ISL_547880
Croatia/ZG-297-20/2020,EPI_ISL_451934
Poland/Pom2/2020,EPI_ISL_450746
Norway/2599/2020,EPI_ISL_481213
Norway/2596/2020,EPI_ISL_481207
Peru/LIM-INS-116/2020,EPI_ISL_536514
Peru/UN-INS-046/2020,EPI_ISL_547962
Peru/LIM-INS-143/2020,EPI_ISL_536538
Peru/UN-INS-067/2020,EPI_ISL_547892
USA/IL-UW-1481/2020,EPI_ISL_541541
Australia/NSW621/2020,EPI_ISL_490030
Argentina/PAIS-A0020/2020,EPI_ISL_430811
Argentina/PAIS-A0021/2020,EPI_ISL_430812
Portugal/PT0963/2020,EPI_ISL_511512
CzechRepublic/NRL-8609/2020,EPI_ISL_584082
Kenya/S299/2020,EPI_ISL_457934
Argentina/PAIS-A0017/2020,EPI_ISL_430808
Argentina/PAIS-A0018/2020,EPI_ISL_430809
Serbia/UE92/2020,EPI_ISL_482744
SouthAfrica/KRISP-045/2020,EPI_ISL_436686
Uruguay/UY-NYUMC866/2020,EPI_ISL_457962
Canada/MB-NML-1027/2020,EPI_ISL_582392
Canada/MB-NML-1162/2020,EPI_ISL_582484
Canada/MB-NML-1107/2020,EPI_ISL_582449
Peru/LIM-UPCH-0073/2020,EPI_ISL_540954
Peru/UN-INS-011/2020,EPI_ISL_547927
Peru/CAL-INS-081/2020,EPI_ISL_536480
Peru/UN-INS-047/2020,EPI_ISL_547963
Peru/LIM-UPCH-0141/2020,EPI_ISL_568535
Peru/LIM-UPCH-0061/2020,EPI_ISL_540945
Peru/LAM-INS-043/2020,EPI_ISL_514264
Peru/LIM-UPCH-0025/2020,EPI_ISL_540926
Peru/UN-INS-040/2020,EPI_ISL_547956
Peru/LAM-HRL-239/2020,EPI_ISL_593773
Peru/LIM-UPCH-0022/2020,EPI_ISL_529072
Peru/UN-INS-049/2020,EPI_ISL_547878
Peru/LAM-INS-126/2020,EPI_ISL_536524
Peru/UN-INS-050/2020,EPI_ISL_547879
Peru/UN-INS-036/2020,EPI_ISL_547952
Peru/LIM-UPCH-0077/2020,EPI_ISL_568512
Peru/LAL-INS-056/2020,EPI_ISL_517686
Peru/LIM-UPCH-0032/2020,EPI_ISL_540932
Peru/CAL-INS-105/2020,EPI_ISL_536504
Peru/UN-INS-033/2020,EPI_ISL_547949
Peru/LIM-UPCH-0113/2020,EPI_ISL_540990
Peru/LIM-INS-122/2020,EPI_ISL_536520
Peru/LAM-INS-044/2020,EPI_ISL_514265
Peru/LIM-UPCH-0161/2020,EPI_ISL_568554
Peru/LIM-UPCH-0126/2020,EPI_ISL_568522
Peru/ANC-INS-051/2020,EPI_ISL_516685
Peru/ANC-INS-083/2020,EPI_ISL_536482
Peru/UN-INS-005/2020,EPI_ISL_547921
Peru/ANC-INS-084/2020,EPI_ISL_536483
Peru/UN-INS-006/2020,EPI_ISL_547922
Peru/ANC-UPCH-0107/2020,EPI_ISL_540985
Peru/ANC-INS-085/2020,EPI_ISL_536484
Peru/UN-INS-007/2020,EPI_ISL_547923
Nigeria/ON705-CV153/2020,EPI_ISL_527889
Chile/Santiago_54/2020,EPI_ISL_445350
Chile/Santiago_78/2020,EPI_ISL_445375
Australia/SAP226/2020,EPI_ISL_468024
Peru/LIM-UPCH-0135/2020,EPI_ISL_568531
Peru/LIM-UPCH-0159/2020,EPI_ISL_568552
Pakistan/UN-UVAS-Lahore-IV/2020,EPI_ISL_548945
Pakistan/UN-UVAS-Lahore-II/2020,EPI_ISL_548943
Pakistan/UN-UVAS-Lahore-I/2020,EPI_ISL_548942
Peru/LIM-INS-022/2020,EPI_ISL_491428
Peru/ICA-INS-107/2020,EPI_ISL_536505
Peru/UN-INS-029/2020,EPI_ISL_547945
Peru/LIM-UPCH-0122/2020,EPI_ISL_568518
DRC/523/2020,EPI_ISL_420849
Australia/VIC693/2020,EPI_ISL_426985
Greece/209_33926/2020,EPI_ISL_437879
Netherlands/NB-EMC-229/2020,EPI_ISL_523352
Peru/UN-INS-010/2020,EPI_ISL_547926
Peru/LIM-UPCH-0151/2020,EPI_ISL_568545
Peru/LIM-UPCH-0152/2020,EPI_ISL_568546
Peru/LIM-UPCH-0028/2020,EPI_ISL_568510
Peru/LIM-UPCH-0132/2020,EPI_ISL_568528
Peru/LIM-INS-095/2020,EPI_ISL_536494
Peru/LIM-UPCH-0050/2020,EPI_ISL_540939
Peru/LIM-INS-099/2020,EPI_ISL_536498
Peru/LIM-INS-094/2020,EPI_ISL_536493
SouthAfrica/KRISP-K002799/2020,EPI_ISL_529793
SouthAfrica/KRISP-K002808/2020,EPI_ISL_529802
SouthAfrica/R12652-20/2020,EPI_ISL_504210
SouthAfrica/R12550-20/2020,EPI_ISL_504190
SouthAfrica/R12566-20/2020,EPI_ISL_504191
SouthAfrica/KRISP-K002873/2020,EPI_ISL_602686
SouthAfrica/KRISP-K003700/2020,EPI_ISL_602880
SouthAfrica/KRISP-K003487/2020,EPI_ISL_602818
SouthAfrica/KRISP-K002863/2020,EPI_ISL_602677
SouthAfrica/KRISP-0409/2020,EPI_ISL_495534
Peru/UN-INS-031/2020,EPI_ISL_547947
Peru/UN-INS-042/2020,EPI_ISL_547958
Argentina/PAIS-A0022/2020,EPI_ISL_430813
DRC/1377/2020,EPI_ISL_434678
Ecuador/USFQ-131/2020,EPI_ISL_491935
England/CAMB-8275C/2020,EPI_ISL_443684
Serbia/KosovskaMitrovica-08332107/2020,EPI_ISL_582530
NewZealand/20VR3879/2020,EPI_ISL_548145
Serbia/KM-0370707/2020,EPI_ISL_541651
Australia/NSW2511/2020,EPI_ISL_527031
Austria/CeMM1094/2020,EPI_ISL_583890
Serbia/Kraljevo-03762507/2020,EPI_ISL_582534
Montenegro/ChVir-1794332002/2020,EPI_ISL_516926
Montenegro/ChVir-1807082002/2020,EPI_ISL_516932
Austria/CeMM1093/2020,EPI_ISL_583889
Austria/CeMM1096/2020,EPI_ISL_583892
Austria/CeMM1092/2020,EPI_ISL_583888
Mexico/AGU-InDRE-58/2020,EPI_ISL_576261
Italy/CAM-IZSM-166/2020,EPI_ISL_572322
Italy/CAM-IZSM-129/2020,EPI_ISL_572321
Italy/CAM-IZSM-112/2020,EPI_ISL_572320
Italy/CAM-IZSM-172/2020,EPI_ISL_572323
Peru/UN-INS-019/2020,EPI_ISL_547935
Peru/UN-INS-014/2020,EPI_ISL_547930
Peru/LIM-UPCH-0136/2020,EPI_ISL_568532
Peru/LIM-INS-077/2020,EPI_ISL_536477
Ecuador/USFQ-219/2020,EPI_ISL_539789
Ecuador/USFQ-194/2020,EPI_ISL_527810
Ecuador/USFQ-195/2020,EPI_ISL_527811
Ecuador/USFQ-212/2020,EPI_ISL_539785
NewZealand/20CV0219/2020,EPI_ISL_548066
NewZealand/20VR3919/2020,EPI_ISL_548101
NewZealand/20CV0249/2020,EPI_ISL_548078
NewZealand/20CV0246/2020,EPI_ISL_548077
NewZealand/20VR3920/2020,EPI_ISL_548102
NewZealand/20CV0217/2020,EPI_ISL_548064
NewZealand/20CV0220/2020,EPI_ISL_548067
NewZealand/20CV0129/2020,EPI_ISL_548015
NewZealand/20CV0121/2020,EPI_ISL_548007
NewZealand/20CV0231/2020,EPI_ISL_548070
NewZealand/20CV0079/2020,EPI_ISL_547985
NewZealand/20CV0150/2020,EPI_ISL_548026
NewZealand/20CV0077/2020,EPI_ISL_547983
NewZealand/20CV0095/2020,EPI_ISL_547995
NewZealand/20CV0059/2020,EPI_ISL_547973
NewZealand/20CV0190/2020,EPI_ISL_548056
SouthAfrica/KRISP-K001080/2020,EPI_ISL_509334
Italy/ABR-IZSGC-TE27020/2020,EPI_ISL_436725
Italy/ABR-IZSGC-TE5040/2020,EPI_ISL_528922
Bulgaria/10/2020,EPI_ISL_480224
Bulgaria/27/2020,EPI_ISL_480305
Mexico/VER-InDRE-67/2020,EPI_ISL_576270
Mexico/VER-InDRE-66/2020,EPI_ISL_576269
HongKong/HKU-200723-056/2020,EPI_ISL_497823
Latvia/015/2020,EPI_ISL_437094
Latvia/036/2020,EPI_ISL_486419
Latvia/026/2020,EPI_ISL_486391
Latvia/test1/2020,EPI_ISL_498226
Latvia/037/2020,EPI_ISL_486420
India/MH-NIV-217242/2020,EPI_ISL_577678
Poland/1140683/2020,EPI_ISL_512298
Cyprus/002/2020,EPI_ISL_463742
Cyprus/004/2020,EPI_ISL_463744
Cyprus/003/2020,EPI_ISL_463743
SouthKorea/KCDC2786/2020,EPI_ISL_526720
SouthKorea/KCDC2775/2020,EPI_ISL_526709
Spain/PV-IBV-98006721/2020,EPI_ISL_541112
CzechRepublic/NRL-8122/2020,EPI_ISL_560409
Poland/IHG-PAS-8-29/2020,EPI_ISL_582031
Poland/IHG-PAS-8-30/2020,EPI_ISL_582032
CzechRepublic/NRL_8458/2020,EPI_ISL_577634
CzechRepublic/NRL-8598/2020,EPI_ISL_584081
Spain/VC-FISABIO-25/2020,EPI_ISL_419689
Netherlands/ZuidHolland_10004/2020,EPI_ISL_454753
Mexico/CMX-InDRE-07/2020,EPI_ISL_452139
Russia/StPetersburg-RII8418S/2020,EPI_ISL_450284
Italy/ABR-IZSGC-TE13457/2020,EPI_ISL_435149
USA/LA-EVTL501/2020,EPI_ISL_578905
Ecuador/HGSQ-USFQ-018/2020,EPI_ISL_422563
Austria/CeMM0045/2020,EPI_ISL_437932
Russia/CRIE160277/2020,EPI_ISL_486818
Colombia/NAR-GUR-0609/2020,EPI_ISL_447748
Ecuador/52255/2020,EPI_ISL_491952
USA/VA-DCLS-1409/2020,EPI_ISL_572244
Poland/PL_P21/2020,EPI_ISL_451982
Moldova/ICGEB_MD6/2020,EPI_ISL_516938
UnitedArabEmirates/skmc-3112036/2020,EPI_ISL_582654
Australia/NSW1037/2020,EPI_ISL_593689
Austria/CeMM0462/2020,EPI_ISL_475873
NewZealand/20VR1581/2020,EPI_ISL_456223
Australia/WA83/2020,EPI_ISL_512736
Australia/WA137/2020,EPI_ISL_596700
USA/WV-CDC-7935/2020,EPI_ISL_540439
Peru/LIM-UPCH-0082/2020,EPI_ISL_540960
Mexico/TLA-InDRE-57/2020,EPI_ISL_576260
Peru/LIM-UPCH-0127/2020,EPI_ISL_568523
Peru/LIM-UPCH-0129/2020,EPI_ISL_568525
Peru/LIM-UPCH-0128/2020,EPI_ISL_568524
Mexico/CMX-InDRE-01/2020,EPI_ISL_412972
Montenegro/ChVir-1267392002/2020,EPI_ISL_516923
Morocco/6887/2020,EPI_ISL_459965
Australia/SAP389/2020,EPI_ISL_492154
NewZealand/20VR1913/2020,EPI_ISL_579161
Brazil/SP-140/2020,EPI_ISL_468307
Brazil/SP-L5-CAMPI114/2020,EPI_ISL_476412
Brazil/SP-L13-CD103/2020,EPI_ISL_476222
Brazil/SP-138/2020,EPI_ISL_468305
Brazil/SP-632/2020,EPI_ISL_515546
Brazil/SP-329/2020,EPI_ISL_534321
Brazil/SP-512/2020,EPI_ISL_471556
Brazil/PR-L17-CD367/2020,EPI_ISL_476313
Brazil/PA-IEC-165313/2020,EPI_ISL_524785
Brazil/SP-391/2020,EPI_ISL_574598
Brazil/PE-COV0260/2020,EPI_ISL_502875
Brazil/SP-387/2020,EPI_ISL_603027
Brazil/SP-438/2020,EPI_ISL_603035
Brazil/SP-358/2020,EPI_ISL_547576
Brazil/SP-425/2020,EPI_ISL_574594
Brazil/SP-627/2020,EPI_ISL_515541
Brazil/SP-429/2020,EPI_ISL_603022
Brazil/SP-433/2020,EPI_ISL_603030
Brazil/SP-633/2020,EPI_ISL_515547
Brazil/RJ-INCA-C38/2020,EPI_ISL_513546
Brazil/SP-368/2020,EPI_ISL_583499
Australia/NSW2126/2020,EPI_ISL_509500
Brazil/SP-560/2020,EPI_ISL_574592
Brazil/SP-496/2020,EPI_ISL_574590
Brazil/SP-L14-CD257/2020,EPI_ISL_476253
Brazil/SP-360/2020,EPI_ISL_583498
Brazil/SP-254/2020,EPI_ISL_524469
Brazil/SP-L4-CAMPI65/2020,EPI_ISL_476398
Brazil/SC-0245/2020,EPI_ISL_470654
Brazil/SP-523/2020,EPI_ISL_471562
Brazil/SP-324/2020,EPI_ISL_534317
Brazil/SP-356/2020,EPI_ISL_547575
Brazil/SP-370/2020,EPI_ISL_583500
Brazil/SP-342/2020,EPI_ISL_547573
Brazil/SP-L3-CAMPI33/2020,EPI_ISL_476390
Brazil/SP-436/2020,EPI_ISL_603033
Brazil/SP-437/2020,EPI_ISL_603034
Brazil/SP-394/2020,EPI_ISL_583503
Brazil/SP-395/2020,EPI_ISL_583504
Brazil/SP-397/2020,EPI_ISL_583505
Brazil/RJ-INCA-I39/2020,EPI_ISL_513578
Brazil/SP-L16-CD318/2020,EPI_ISL_476279
Brazil/SP-L22-CD474/2020,EPI_ISL_476373
Brazil/SP-353/2020,EPI_ISL_583496
Brazil/SP-389/2020,EPI_ISL_574597
Brazil/RJ-UFRJ-9331/2020,EPI_ISL_492036
Brazil/SP-439/2020,EPI_ISL_603036
Brazil/SP-255/2020,EPI_ISL_534319
Brazil/SP-383/2020,EPI_ISL_603024
Brazil/SP-441/2020,EPI_ISL_603038
Brazil/SP-417/2020,EPI_ISL_547579
Ukraine/203100360/2020,EPI_ISL_512639
Poland/1154942/2020,EPI_ISL_512299
Poland/1154951/2020,EPI_ISL_512300
Mexico/CMX-INMEGEN-19/2020,EPI_ISL_522984
Latvia/031/2020,EPI_ISL_486414
Latvia/029/2020,EPI_ISL_486412
Latvia/033/2020,EPI_ISL_486416
Australia/SAP441/2020,EPI_ISL_508132
USA/VA-DCLS-1490/2020,EPI_ISL_581564
USA/CA-CZB-4086/2020,EPI_ISL_548623
France/IDF-9137/2020,EPI_ISL_593905
Ireland/CN-NVRL-71IRL96106/2020,EPI_ISL_525371
England/BRIS-124CB6/2020,EPI_ISL_443925
Russia/PRI-RII-MH748S/2020,EPI_ISL_596356
Russia/NVS-RII-MH1142S/2020,EPI_ISL_596267
Nigeria/OY094-CV57/2020,EPI_ISL_487099
Nigeria/KW314-CV63/2020,EPI_ISL_487092
Vietnam/VNHN_022/2020,EPI_ISL_435303
Argentina/C121/2020,EPI_ISL_420600
Sweden/20-51758/2020,EPI_ISL_469071
SriLanka/COV53/2020,EPI_ISL_428671
NewZealand/20VR0712/2020,EPI_ISL_456163
Denmark/ALAB-SSI412/2020,EPI_ISL_429507
Ireland/WW-NVRL-24052/2020,EPI_ISL_418584
NewZealand/20VR1018/2020,EPI_ISL_456183
Russia/OMS-ORINFI-9761S/2020,EPI_ISL_569753
Bangladesh/JUST-GC91.124/2020,EPI_ISL_605783
Greece/154/2020,EPI_ISL_434469
Sweden/20-52588/2020,EPI_ISL_534256
Sweden/20-51852/2020,EPI_ISL_510856
Pakistan/UN-UVAS-Sialkot/2020,EPI_ISL_548946
Kenya/NIC_593/2020,EPI_ISL_457844
Kenya/NIC_569/2020,EPI_ISL_457843
Ireland/LH-NVRL-20IRL22673/2020,EPI_ISL_501257
Ireland/LH-NVRL-20IRL26172/2020,EPI_ISL_501260
SouthAfrica/KRISP-0132/2020,EPI_ISL_467484
NewZealand/20VR1805/2020,EPI_ISL_456260
NewZealand/20VR1803/2020,EPI_ISL_536791
Denmark/ALAB-HH-266/2020,EPI_ISL_452097
Russia/CRIE5047362/2020,EPI_ISL_534343
Senegal/45557/2020,EPI_ISL_498239
Senegal/62368/2020,EPI_ISL_476493
Russia/StPetersburg-RII6251S/2020,EPI_ISL_450241
Russia/SVE-RII-MH1626S/2020,EPI_ISL_596299
Russia/SPE-RII-17217V/2020,EPI_ISL_524013
Ecuador/51908/2020,EPI_ISL_491949
Mexico/NLE-InDRE-60/2020,EPI_ISL_576263
Sweden/20-52280/2020,EPI_ISL_560983
Qingdao/IVDC-02-10/2020,EPI_ISL_591271
env/Qingdao/IVDC-010-10/2020,EPI_ISL_591279
env/Qingdao/IVDC-011-10/2020,EPI_ISL_591280
Qingdao/IVDC-01-10/2020,EPI_ISL_591270
env/Qingdao/IVDC-06-10/2020,EPI_ISL_591275
Ecuador/36226/2020,EPI_ISL_491953
Ghana/84182_S43/2020,EPI_ISL_515104
Sweden/20-14519/2020,EPI_ISL_475517
USA/FL-BPHL-1388/2020,EPI_ISL_541325
USA/RI-CDC-6616/2020,EPI_ISL_535359
NewZealand/20VR2578/2020,EPI_ISL_579309
Canada/ON-S84/2020,EPI_ISL_586456
NewZealand/20VR0933/2020,EPI_ISL_456171
BosniaandHerzegovina/01-Livno/2020,EPI_ISL_462753
Australia/NSW2431/2020,EPI_ISL_527015
Portugal/PT1159/2020,EPI_ISL_511706
Russia/KLU-RII-MH2795S/2020,EPI_ISL_602457
Russia/KEM-RII-MH2796S/2020,EPI_ISL_602458
Mexico/COA-InDRE-37/2020,EPI_ISL_516619
UnitedArabEmirates/L3290294240/2020,EPI_ISL_520705
Australia/NSW2495/2020,EPI_ISL_527024
SouthAfrica/KRISP-K003730/2020,EPI_ISL_602908
SouthAfrica/KRISP-K002678/2020,EPI_ISL_535542
CostaRica/INC-0089/2020,EPI_ISL_527757
CostaRica/INC-0066/2020,EPI_ISL_512846
CostaRica/INC-0076/2020,EPI_ISL_527744
HongKong/VM20061555/2020,EPI_ISL_539803
Australia/WA255/2020,EPI_ISL_594169
Australia/WA257/2020,EPI_ISL_594171
Australia/WA251/2020,EPI_ISL_594167
Australia/WA263/2020,EPI_ISL_594175
Australia/WA267/2020,EPI_ISL_594179
Australia/WA256/2020,EPI_ISL_594170
Singapore/905/2020,EPI_ISL_536446
NewZealand/20CV0247/2020,EPI_ISL_548122
HongKong/HKU-200723-087/2020,EPI_ISL_497854
HongKong/HKU-200723-047/2020,EPI_ISL_497814
HongKong/HKU-200723-095/2020,EPI_ISL_497862
HongKong/VM20106598/2020,EPI_ISL_539816
HongKong/VM20107468/2020,EPI_ISL_539819
HongKong/VM20108307/2020,EPI_ISL_539817
Canada/ON-S1427/2020,EPI_ISL_591193
Ecuador/52438/2020,EPI_ISL_491951
Canada/MB-NML-795/2020,EPI_ISL_582314
Brazil/PE-IAM1315/2020,EPI_ISL_572388
UnitedArabEmirates/14B/2020,EPI_ISL_528688
Sweden/20-07919/2020,EPI_ISL_450823
UnitedArabEmirates/12B/2020,EPI_ISL_528686
Brazil/PE-IAM139/2020,EPI_ISL_500464
Germany/BY-MVP-0221/2020,EPI_ISL_466894
SouthAfrica/KRISP-K003330/2020,EPI_ISL_602723
SouthAfrica/KRISP-K003715/2020,EPI_ISL_602895
Nigeria/EK254-CV60/2020,EPI_ISL_487096
UnitedArabEmirates/skmc-3131941/2020,EPI_ISL_582652
NewZealand/20VR3060/2020,EPI_ISL_579403
Italy/INMI75/2020,EPI_ISL_603182
Portugal/PT1031/2020,EPI_ISL_511578
Ecuador/USFQ-207/2020,EPI_ISL_527819
Ecuador/USFQ-201/2020,EPI_ISL_527815
Ecuador/USFQ-206/2020,EPI_ISL_527818
Ecuador/USFQ-054/2020,EPI_ISL_481246
Ecuador/USFQ-066/2020,EPI_ISL_481248
Ecuador/USFQ-253/2020,EPI_ISL_574431
Ecuador/USFQ-120/2020,EPI_ISL_491932
Ecuador/USFQ-106/2020,EPI_ISL_471271
Ecuador/USFQ-707/2020,EPI_ISL_471269
Ecuador/USFQ-112/2020,EPI_ISL_471270
Canada/ON-S41/2020,EPI_ISL_586409
Chile/Santiago_38/2020,EPI_ISL_445317
NewZealand/20VR3038/2020,EPI_ISL_456400
Chile/Santiago-HRG4342/2020,EPI_ISL_591526
Chile/Santiago-MCD9529/2020,EPI_ISL_591529
SierraLeone/KGH-G-8607/2020,EPI_ISL_512815
Venezuela/VEN-89312/2020,EPI_ISL_476702
PuertoRico/CDC-S6/2020,EPI_ISL_434546
Ecuador/2512/2020,EPI_ISL_574293
Australia/QLD960/2020,EPI_ISL_530242
NewZealand/20CV0285/2020,EPI_ISL_579075
NewZealand/20CV0281/2020,EPI_ISL_579072
Hungary/SRC-00278w/2020,EPI_ISL_435427
Portugal/PT1032a/2020,EPI_ISL_511579
NewZealand/20VR2052/2020,EPI_ISL_536792
Ghana/2852_S30/2020,EPI_ISL_515085
Ecuador/36192/2020,EPI_ISL_491947
Mexico/CMX-INMEGEN-03/2020,EPI_ISL_522874
Brazil/PE-IAM939/2020,EPI_ISL_572361
SouthAfrica/KRISP-0130/2020,EPI_ISL_467482
Switzerland/ZH-ETHZ-240075/2020,EPI_ISL_523913
NewZealand/20CV0388/2020,EPI_ISL_579117
UnitedArabEmirates/skmc-3806331/2020,EPI_ISL_582678
Chile/Santiago-05426/2020,EPI_ISL_468750
Canada/ON-UHTC-0282/2020,EPI_ISL_569992
Ecuador/52872/2020,EPI_ISL_491946
Ecuador/2343/2020,EPI_ISL_574292
Ecuador/2479/2020,EPI_ISL_574294
Colombia/NAR-GVI-97417/2020,EPI_ISL_447798
Argentina/PAIS-A0005/2020,EPI_ISL_430797
Argentina/PAIS-A0014/2020,EPI_ISL_430805
Gambia/GC19-015/2020,EPI_ISL_428855
India/TG-CCMB-AA524/2020,EPI_ISL_539670
India/TG-CCMB-R124/2020,EPI_ISL_539774
Chile/Santiago_80/2020,EPI_ISL_445377
Belgium/ULG-10210/2020,EPI_ISL_484699
Netherlands/ZH-EMC-423/2020,EPI_ISL_523762
Indonesia/JK-NIHRD-MI52885/2020,EPI_ISL_538505
Slovakia/UKBA-203/2020,EPI_ISL_577735
SouthAfrica/KRISP-0266/2020,EPI_ISL_482853
NewZealand/20VR1756/2020,EPI_ISL_456238
Italy/ABR-IZSGC-TE92551/2020,EPI_ISL_529010
Italy/ABR-IZSGC-TE92552/2020,EPI_ISL_529011
CostaRica/INC-0064/2020,EPI_ISL_512670
CostaRica/INC-0053/2020,EPI_ISL_512659
NewZealand/20CV0280/2020,EPI_ISL_579071
Ireland/NVRL-20G35404/2020,EPI_ISL_605105
Slovakia/UKBA-204/2020,EPI_ISL_577736
Slovakia/UKBA-207/2020,EPI_ISL_577738
Slovakia/UKBA-208/2020,EPI_ISL_577739
Bulgaria/37/2020,EPI_ISL_480308
USA/AR-QDX-2132/2020,EPI_ISL_604386
Austria/CeMM0853/2020,EPI_ISL_583728
Austria/CeMM0878/2020,EPI_ISL_583740
Gambia/1271/2020,EPI_ISL_471170
Gambia/0268/2020,EPI_ISL_471159
England/KGHT-268426C/2020,EPI_ISL_513587
England/MILK-66CC26/2020,EPI_ISL_558089
England/QEUH-9DA974/2020,EPI_ISL_601238
India/WB-S84/2020,EPI_ISL_508473
Nigeria/ON920-CV152/2020,EPI_ISL_527891
Gambia/0214/2020,EPI_ISL_471158
Senegal/6751/2020,EPI_ISL_486859
Morocco/6900/2020,EPI_ISL_459978
Thailand/Bangkok-0088/2020,EPI_ISL_447028
CzechRepublic/NRL-5886-2/2020,EPI_ISL_539779
NewZealand/20VR2475/2020,EPI_ISL_456379
Gambia/0278/2020,EPI_ISL_471160
Canada/MB-NML-598/2020,EPI_ISL_582283
Canada/ON-UHTC-0238/2020,EPI_ISL_570019
Germany/NW-HHU-108/2020,EPI_ISL_539585
Senegal/45436/2020,EPI_ISL_498238
Russia/OMS-ORINFI-4882S/2020,EPI_ISL_569804
Egypt/CUNCI-HGC7I010/2020,EPI_ISL_576371
Ukraine/203100337/2020,EPI_ISL_512616
Ukraine/Ivano-Frankivsk-706/2020,EPI_ISL_576147
Senegal/6430/2020,EPI_ISL_486872
Morocco/6899/2020,EPI_ISL_459977
Gambia/0548/2020,EPI_ISL_471165
Gambia/1264/2020,EPI_ISL_471169
Gambia/GC19-3323/2020,EPI_ISL_561061
France/OCC-70/2020,EPI_ISL_593884
Gambia/GC19-0479/2020,EPI_ISL_561015
Gambia/0531/2020,EPI_ISL_471162
Gambia/0536/2020,EPI_ISL_471163
Gambia/NPHL-1224/2020,EPI_ISL_561217
Gambia/1251/2020,EPI_ISL_471168
Gambia/1277/2020,EPI_ISL_471171
Gambia/0528/2020,EPI_ISL_471161
Gambia/0547/2020,EPI_ISL_471164
Gambia/1094/2020,EPI_ISL_471167
Gambia/NPHL-162B/2020,EPI_ISL_561234
Gambia/NPHL-1645/2020,EPI_ISL_561236
Gambia/3737/2020,EPI_ISL_561009
Gambia/GC19-3842/2020,EPI_ISL_561099
Gambia/NPHL-2615/2020,EPI_ISL_561283
Gambia/NPHL-1711/2020,EPI_ISL_561237
Taiwan/CGMH-CGU-18/2020,EPI_ISL_424974
Iceland/239/2020,EPI_ISL_417567
Iceland/588/2020,EPI_ISL_424608
Nigeria/KW326-CV52/2020,EPI_ISL_487103
Nigeria/OY626-CV183/2020,EPI_ISL_527910
Nigeria/OY636-CV192/2020,EPI_ISL_527915
Nigeria/OS294-CV42/2020,EPI_ISL_487113
Nigeria/EK025-CV58/2020,EPI_ISL_487098
Nigeria/EK082-CV47/2020,EPI_ISL_487108
Nigeria/EK084-CV50/2020,EPI_ISL_487105
USA/KY-UW-MAYO14/2020,EPI_ISL_500523
USA/KY-UW-MAYO16/2020,EPI_ISL_500524
Japan/Donner33/2020,EPI_ISL_469291
Japan/Donner34/2020,EPI_ISL_469292
Russia/StPetersburg-RII11149S/2020,EPI_ISL_507234
Argentina/PAIS-A0011/2020,EPI_ISL_430802
Cyprus/008/2020,EPI_ISL_463748
USA/WI-UW-1626/2020,EPI_ISL_605500
Chile/Santiago-MMB0372/2020,EPI_ISL_591525
Ecuador/52389/2020,EPI_ISL_491954
Kenya/NIC_196/2020,EPI_ISL_457834
NewZealand/20VR1133/2020,EPI_ISL_456194
Australia/WA207/2020,EPI_ISL_596770
Ukraine/203100334/2020,EPI_ISL_512613
Norway/3624/2020,EPI_ISL_590948
Canada/ON-UHTC-0293/2020,EPI_ISL_569980
Australia/VIC2065/2020,EPI_ISL_480755
Jordan/SR-054/2020,EPI_ISL_430012
Jordan/SR-052/2020,EPI_ISL_430009
Latvia/028/2020,EPI_ISL_486411
Italy/LOM-IZSGC-TE35526/2020,EPI_ISL_528943
Ecuador/30755/2020,EPI_ISL_491948
Peru/CAL-UPCH-0071/2020,EPI_ISL_540953
Turkey/GLAB-CoV014/2020,EPI_ISL_480232
Turkey/GLAB-CoV195/2020,EPI_ISL_480279
Turkey/GLAB-CoV155/2020,EPI_ISL_480253
Wales/PHWC-169AAC/2020,EPI_ISL_514575
Wales/PHWC-1698FD/2020,EPI_ISL_512532
Lithuania/C20-05-R7/2020,EPI_ISL_560402
Lithuania/C20-05-R16/2020,EPI_ISL_560395
Lithuania/C20-06-R20/2020,EPI_ISL_560405
Lithuania/C20-05-R11/2020,EPI_ISL_560392
Russia/OMS-ORINFI-5195S/2020,EPI_ISL_569823
Russia/StPetersburg-RII17940S/2020,EPI_ISL_507280
Vietnam/VNHN_4868/2020,EPI_ISL_455710
SaudiArabia/KAUST-JEDDAH990/2020,EPI_ISL_513064
Peru/UN-INS-008/2020,EPI_ISL_547924
Ukraine/203100317/2020,EPI_ISL_512597
Australia/VIC1336/2020,EPI_ISL_430698
Indonesia/JT-UGM-47906/2020,EPI_ISL_576383
Norway/2990/2020,EPI_ISL_549115
Switzerland/ZH-310434-1596-G06/2020,EPI_ISL_603508
Switzerland/ZH-ETHZ-220024/2020,EPI_ISL_512007
Ireland/KE-NVRL-20IRL21040/2020,EPI_ISL_501252
Sweden/20-51949/2020,EPI_ISL_510863
CzechRepublic/NRL-6834/2020,EPI_ISL_541333
CzechRepublic/NRL-6835/2020,EPI_ISL_541334
Slovakia/UKBA-201/2020,EPI_ISL_577734
CzechRepublic/NRL_7164/2020,EPI_ISL_577633
CzechRepublic/NRL_8118-7/2020,EPI_ISL_577628
CzechRepublic/NRL_8461/2020,EPI_ISL_577637
CzechRepublic/NRL-7944/2020,EPI_ISL_545957
CzechRepublic/NRL_7918/2020,EPI_ISL_545954
Sweden/20-21542/2020,EPI_ISL_582784
Ecuador/USFQ-045/2020,EPI_ISL_471268
USA/VA-DCLS-1060/2020,EPI_ISL_528666
Mexico/NLE-InDRE-59/2020,EPI_ISL_576262
Ecuador/USFQ-108/2020,EPI_ISL_486843
Ecuador/USFQ-109/2020,EPI_ISL_486844
Ecuador/USFQ-105/2020,EPI_ISL_486842
Ecuador/USFQ-114/2020,EPI_ISL_486849
Ecuador/USFQ-118/2020,EPI_ISL_486850
Ecuador/USFQ-111/2020,EPI_ISL_486846
Ecuador/USFQ-119/2020,EPI_ISL_486851
HongKong/HKU-200723-098/2020,EPI_ISL_497865
Colombia/MET-GVI-97783/2020,EPI_ISL_447804
Colombia/MET-GVI-97782/2020,EPI_ISL_447803
Poland/1157821/2020,EPI_ISL_512303
Brazil/PE-AMU0036/2020,EPI_ISL_502779
Ukraine/Kharkiv-882/2020,EPI_ISL_582512
Ukraine/Kharkiv-879/2020,EPI_ISL_582511
Ukraine/203100361/2020,EPI_ISL_512640
Ukraine/Kharkiv-877/2020,EPI_ISL_582510
Ukraine/Kharkiv-705/2020,EPI_ISL_576146
Bangladesh/G-10/2020,EPI_ISL_600444
Bangladesh/DNAS-CPH-467/2020,EPI_ISL_445213
Bangladesh/BCSIR-NILMRC_392/2020,EPI_ISL_603221
Bangladesh/BCSIR-NILMRC-212/2020,EPI_ISL_483646
Bangladesh/BCSIR-NILMRC-255/2020,EPI_ISL_490167
Bangladesh/BCSIR-NILMRC-100/2020,EPI_ISL_469299
Bangladesh/BCSIR-NILMRC-227/2020,EPI_ISL_487367
Australia/VIC1606/2020,EPI_ISL_456517
Bangladesh/icddrb-2083/2020,EPI_ISL_470801
Bangladesh/BCSIR-NILMRC-096/2020,EPI_ISL_469298
Bangladesh/BCSIR-NILMRC_426/2020,EPI_ISL_603247
Bangladesh/BCSIR-NILMRC-107/2020,EPI_ISL_475166
Italy/LAZ-INMI-25/2020,EPI_ISL_590693
Bangladesh/BCSIR-NILMRC-087/2020,EPI_ISL_464159
Bangladesh/BCSIR-NILMRC-352/2020,EPI_ISL_514230
Bangladesh/BCSIR-NILMRC-156/2020,EPI_ISL_480446
Bangladesh/CHRF-0009/2020,EPI_ISL_468077
Bangladesh/BCSIR-NILMRC_422/2020,EPI_ISL_603244
Bangladesh/BCSIR-NILMRC_424/2020,EPI_ISL_603246
Australia/QLD958/2020,EPI_ISL_530239
Australia/VIC2243/2020,EPI_ISL_521976
Australia/NSW1065/2020,EPI_ISL_593673
Australia/TAS00279/2020,EPI_ISL_577607
Australia/SAP480/2020,EPI_ISL_510544
Australia/SAP481/2020,EPI_ISL_513911
Australia/SAP473/2020,EPI_ISL_508606
Australia/SAP476/2020,EPI_ISL_510542
Australia/NSW938/2020,EPI_ISL_545010
Australia/VIC5059/2020,EPI_ISL_519862
Australia/VIC5726/2020,EPI_ISL_518527
Australia/VIC10858/2020,EPI_ISL_563129
Australia/VIC15811/2020,EPI_ISL_593462
Australia/VIC10781/2020,EPI_ISL_563086
Australia/VIC15729/2020,EPI_ISL_593427
Australia/VIC15675/2020,EPI_ISL_593410
Australia/WA180/2020,EPI_ISL_596743
Australia/VIC10694/2020,EPI_ISL_563035
Australia/VIC4683/2020,EPI_ISL_519071
Australia/NSW677/2020,EPI_ISL_513320
Australia/NSW678/2020,EPI_ISL_513321
Australia/NSW761/2020,EPI_ISL_513403
Australia/TAS278/2020,EPI_ISL_522705
Australia/NSW734/2020,EPI_ISL_513377
Australia/VIC9707/2020,EPI_ISL_565664
Australia/VIC2470/2020,EPI_ISL_522173
Australia/WA193/2020,EPI_ISL_596756
Australia/NSW717/2020,EPI_ISL_513360
Australia/VIC10869/2020,EPI_ISL_563133
Australia/NSW1060/2020,EPI_ISL_593649
Australia/NSW760/2020,EPI_ISL_513402
Australia/NSW-SAViD-2751/2020,EPI_ISL_537286
Australia/NSW958/2020,EPI_ISL_545030
Australia/NSW2755/2020,EPI_ISL_569858
Australia/NSW977/2020,EPI_ISL_545049
Australia/NSW974/2020,EPI_ISL_545046
Australia/NSW916/2020,EPI_ISL_544997
Australia/NSW955/2020,EPI_ISL_545027
Australia/NSW973/2020,EPI_ISL_545045
Australia/NSW913/2020,EPI_ISL_544994
Australia/NSW868/2020,EPI_ISL_526210
Australia/NSW889/2020,EPI_ISL_544970
Australia/NSW890/2020,EPI_ISL_544971
Australia/NSW1000/2020,EPI_ISL_591512
Australia/NSW994/2020,EPI_ISL_591510
Australia/NSW1008/2020,EPI_ISL_591515
Australia/NSW995/2020,EPI_ISL_591497
Australia/NSW999/2020,EPI_ISL_591511
Australia/NSW1004/2020,EPI_ISL_591500
Australia/NSW1012/2020,EPI_ISL_591485
Australia/NSW1005/2020,EPI_ISL_591501
Australia/VIC6615/2020,EPI_ISL_521377
Australia/QLD1027/2020,EPI_ISL_530280
Australia/QLD994/2020,EPI_ISL_530254
Australia/VIC8486/2020,EPI_ISL_565048
Australia/VIC3529/2020,EPI_ISL_520278
Australia/VIC2461/2020,EPI_ISL_522167
Australia/VIC3548/2020,EPI_ISL_520297
Australia/VIC8288/2020,EPI_ISL_561836
Australia/VIC13735/2020,EPI_ISL_592311
Australia/VIC12547/2020,EPI_ISL_561473
Australia/VIC12737/2020,EPI_ISL_563585
Australia/WA159/2020,EPI_ISL_596722
Australia/SAP472/2020,EPI_ISL_508605
Australia/SAP443/2020,EPI_ISL_508134
Australia/VIC10361/2020,EPI_ISL_562889
Australia/VIC13858/2020,EPI_ISL_562128
Australia/VIC10925/2020,EPI_ISL_563155
Australia/VIC15842/2020,EPI_ISL_593475
Australia/VIC15685/2020,EPI_ISL_593412
Australia/VIC15695/2020,EPI_ISL_592567
Australia/VIC15692/2020,EPI_ISL_592769
Australia/VIC2068/2020,EPI_ISL_480759
Australia/SAP477/2020,EPI_ISL_510543
Australia/VIC14170/2020,EPI_ISL_592365
Australia/VIC10413/2020,EPI_ISL_562905
Australia/VIC2658/2020,EPI_ISL_521504
Australia/NT53/2020,EPI_ISL_521862
Australia/NT51/2020,EPI_ISL_521860
Australia/VIC15683/2020,EPI_ISL_593411
Australia/VIC15686/2020,EPI_ISL_592783
Australia/VIC3078/2020,EPI_ISL_520785
Australia/WA154/2020,EPI_ISL_596717
Australia/VIC9566/2020,EPI_ISL_561435
Australia/QLD993/2020,EPI_ISL_530253
Australia/SAP474/2020,EPI_ISL_508607
Australia/QLD957/2020,EPI_ISL_530240
Australia/QLD999/2020,EPI_ISL_530257
Australia/QLD998/2020,EPI_ISL_530256
Australia/QLD1024/2020,EPI_ISL_530278
Australia/QLD1047/2020,EPI_ISL_576135
Australia/QLD1060/2020,EPI_ISL_576144
Australia/QLD1050/2020,EPI_ISL_576137
Australia/QLD1138/2020,EPI_ISL_593640
Australia/QLD1146/2020,EPI_ISL_593645
Australia/QLD1043/2020,EPI_ISL_576131
Australia/QLD1119/2020,EPI_ISL_593635
Australia/QLD1097/2020,EPI_ISL_593616
Australia/QLD1006/2020,EPI_ISL_530247
Australia/QLD1008/2020,EPI_ISL_530249
Australia/QLD1025/2020,EPI_ISL_530279
Australia/QLD1001/2020,EPI_ISL_530259
Australia/QLD1141/2020,EPI_ISL_593642
Australia/QLD1140/2020,EPI_ISL_593641
Australia/QLD996/2020,EPI_ISL_530255
Australia/QLD1099/2020,EPI_ISL_593617
Australia/QLD1142/2020,EPI_ISL_593643
Australia/QLD1051/2020,EPI_ISL_576138
Poland/1156085/2020,EPI_ISL_512301
Poland/PL_P48/2020,EPI_ISL_492073
Cyprus/001/2020,EPI_ISL_463741
Italy/SIC-AMVRC-4411/2020,EPI_ISL_457721
Kuwait/KU001/2020,EPI_ISL_421652
Taiwan/TSGH-05/2020,EPI_ISL_427392
Ireland/MN-NVRL-20IRL22531/2020,EPI_ISL_501256
SouthAfrica/R05929/2020,EPI_ISL_450495
Argentina/PAIS-A0016/2020,EPI_ISL_430807
Switzerland/BE-ETHZ-110481/2020,EPI_ISL_451893
Nigeria/ED1010-CV215/2020,EPI_ISL_527879
Nigeria/ED46-CV165/2020,EPI_ISL_527884
USA/OH-OSUP0109/2020,EPI_ISL_421660
Ireland/D-NVRL-20IRL27755/2020,EPI_ISL_501261
Portugal/IGC3860/2020,EPI_ISL_491211
France/IDF-2792/2020,EPI_ISL_420043
Colombia/VAC-INS-81279/2020,EPI_ISL_456142
USA/OK-ADDL-03/2020,EPI_ISL_535362
Russia/StPetersburg-RII11155S/2020,EPI_ISL_507238
SouthAfrica/KRISP-K002437/2020,EPI_ISL_515794
Ghana/35012_S17/2020,EPI_ISL_515090
Sweden/20-08988/2020,EPI_ISL_594151
USA/WA-S2421/2020,EPI_ISL_497053
Colombia/NAR-INS-103303/2020,EPI_ISL_456154
Beijing/IVDC-02-06/2020,EPI_ISL_469255
Beijing/IVDC-01-06/2020,EPI_ISL_469254
env/Beijing/IVDC-03-06/2020,EPI_ISL_469256
Australia/WA67/2020,EPI_ISL_512720
SouthAfrica/R10178/2020,EPI_ISL_490261
SouthAfrica/KRISP-K000650/2020,EPI_ISL_509294
SouthAfrica/KRISP-0283/2020,EPI_ISL_482870
SouthAfrica/KRISP-K003744/2020,EPI_ISL_605790
SouthAfrica/KRISP-K002857/2020,EPI_ISL_602672
SouthAfrica/KRISP-0349/2020,EPI_ISL_487310
SouthAfrica/KRISP-K002682/2020,EPI_ISL_535546
SouthAfrica/KRISP-K001392/2020,EPI_ISL_515876
Taiwan/NTU30/2020,EPI_ISL_534336
SouthAfrica/KRISP-K002176/2020,EPI_ISL_515578
SouthAfrica/KRISP-K002815/2020,EPI_ISL_602636
SouthAfrica/KRISP-0558/2020,EPI_ISL_498097
SouthAfrica/KRISP-K002347/2020,EPI_ISL_515719
SouthAfrica/KRISP-K003728/2020,EPI_ISL_602906
SouthAfrica/KRISP-K001105/2020,EPI_ISL_509354
SouthAfrica/LR00154/2020,EPI_ISL_514422
SouthAfrica/KRISP-0404/2020,EPI_ISL_495529
SouthAfrica/KRISP-K003474/2020,EPI_ISL_602807
SouthAfrica/KRISP-K003353/2020,EPI_ISL_602744
SouthAfrica/KRISP-K002791/2020,EPI_ISL_529785
SouthAfrica/KRISP-K002183/2020,EPI_ISL_515582
SouthAfrica/KRISP-K003338/2020,EPI_ISL_602730
SouthAfrica/KRISP-K002430/2020,EPI_ISL_515791
SouthAfrica/KRISP-K003711/2020,EPI_ISL_602891
SouthAfrica/KRISP-K003706/2020,EPI_ISL_602886
CzechRepublic/Seq3/2020,EPI_ISL_426356
Portugal/PT1045/2020,EPI_ISL_511592
Switzerland/ZH-ETHZ-280073/2020,EPI_ISL_560542
Switzerland/BE-300325-1445-C05/2020,EPI_ISL_603357
Romania/284056/2020,EPI_ISL_455473
Peru/LIM-UPCH-0160/2020,EPI_ISL_568553
DRC/6386/2020,EPI_ISL_513613
Ecuador/36230/2020,EPI_ISL_491950
Nigeria/ON969-CV145/2020,EPI_ISL_527892
Brazil/PE-IAM1254/2020,EPI_ISL_572384
Japan/NGY-NNH-009/2020,EPI_ISL_568564
Singapore/1081/2020,EPI_ISL_596471
Australia/SAP520/2020,EPI_ISL_603125
UnitedArabEmirates/skmc-3904387/2020,EPI_ISL_582684
Singapore/887/2020,EPI_ISL_536428
Singapore/1034/2020,EPI_ISL_574519
Malaysia/IMR-WI085/2020,EPI_ISL_596449
Chile/Copiapo-00015/2020,EPI_ISL_468757
Gambia/GC19-0544/2020,EPI_ISL_561016
Gambia/GC19-3398/2020,EPI_ISL_561070
Gambia/GC19-1575/2020,EPI_ISL_561026
Gambia/GC19-1818/2020,EPI_ISL_561034
Gambia/GC19-1983/2020,EPI_ISL_561038
Gambia/GC19-1387/2020,EPI_ISL_561019
Gambia/GC19-1715/2020,EPI_ISL_561029
Gambia/GC19-1720/2020,EPI_ISL_561030
Gambia/GC19-1706/2020,EPI_ISL_561028
Gambia/GC19-1786/2020,EPI_ISL_561031
Gambia/NPHL-1216/2020,EPI_ISL_561216
Russia/Buryatia-84508/2020,EPI_ISL_428913
Ghana/2666_S32/2020,EPI_ISL_515083
UnitedArabEmirates/L2006030187/2020,EPI_ISL_520677
Ukraine/203100323/2020,EPI_ISL_512603
Ukraine/Kyiv-785/2020,EPI_ISL_576148
USA/MI-MDHHS-SC21684/2020,EPI_ISL_516411
USA/PR-AGN5/2020,EPI_ISL_513292
England/NORW-E7421/2020,EPI_ISL_449034
SouthAfrica/KRISP-0157/2020,EPI_ISL_467507
SouthAfrica/KRISP-K002642/2020,EPI_ISL_535512
SouthAfrica/KRISP-K002455/2020,EPI_ISL_518041
SouthAfrica/KRISP-K003388/2020,EPI_ISL_602776
SouthAfrica/KRISP-K003394/2020,EPI_ISL_602782
SouthAfrica/KRISP-K003692/2020,EPI_ISL_602874
SouthAfrica/KRISP-K002846/2020,EPI_ISL_602662
SouthAfrica/KRISP-K002631/2020,EPI_ISL_535501
SouthAfrica/KRISP-K002851/2020,EPI_ISL_602667
SouthAfrica/KRISP-K002586/2020,EPI_ISL_535451
SouthAfrica/KRISP-K003717/2020,EPI_ISL_602897
SouthAfrica/KRISP-K002883/2020,EPI_ISL_602695
SouthAfrica/KRISP-K002483/2020,EPI_ISL_535391
SouthAfrica/KRISP-K003326/2020,EPI_ISL_602719
SouthAfrica/KRISP-K003712/2020,EPI_ISL_602892
SouthAfrica/KRISP-K003704/2020,EPI_ISL_602884
Latvia/065/2020,EPI_ISL_493000
Sweden/20-07666/2020,EPI_ISL_445238
Portugal/IGC4560/2020,EPI_ISL_491263
England/QEUH-7A7848/2020,EPI_ISL_533032
CzechRepublic/NRL-7915/2020,EPI_ISL_541337
Chile/Copiapo-00006/2020,EPI_ISL_468754
Chile/Copiapo-00064/2020,EPI_ISL_468759
Chile/Copiapo-00063/2020,EPI_ISL_468758
NewZealand/20VR3119/2020,EPI_ISL_579425
NewZealand/20VR3066/2020,EPI_ISL_579406
NewZealand/20VR3005/2020,EPI_ISL_456397
Italy/VEN-IZSVe-51-5/2020,EPI_ISL_522858
CostaRica/INC-0056/2020,EPI_ISL_512662
CostaRica/INC-0078/2020,EPI_ISL_527746
CostaRica/INC-0069/2020,EPI_ISL_512674
CostaRica/INC-0060/2020,EPI_ISL_512666
CostaRica/INC-0061/2020,EPI_ISL_512667
UnitedArabEmirates/skmc-3122376/2020,EPI_ISL_582649
USA/VA-DCLS-1678/2020,EPI_ISL_572219
USA/NC-SLPH-0009/2020,EPI_ISL_538519
USA/NC-SLPH-0008/2020,EPI_ISL_538518
Ghana/34983_S40/2020,EPI_ISL_515089
Cyprus/005/2020,EPI_ISL_463745
Georgia/Tb-1679/2020,EPI_ISL_420144
SierraLeone/KGH-G-8549/2020,EPI_ISL_512812
Canada/ON-UHTC_0050/2020,EPI_ISL_464036
Latvia/035/2020,EPI_ISL_486418
SouthAfrica/KRISP-K003697/2020,EPI_ISL_602877
Ireland/CO-NVRL-71IRL82463/2020,EPI_ISL_512100
Greece/AYTH_8/2020,EPI_ISL_476835
Thailand/Bangkok-0087/2020,EPI_ISL_447027
Vietnam/VNHN_4851/2020,EPI_ISL_455709
Peru/LIM-INS-041/2020,EPI_ISL_514226
Italy/ABR-IZSGC-TE82840/2020,EPI_ISL_529008
Portugal/PT0954/2020,EPI_ISL_582515
Ecuador/USFQ-065/2020,EPI_ISL_481247
SouthAfrica/KRISP-K002785/2020,EPI_ISL_529779
USA/WA-UW-26858/2020,EPI_ISL_570780
Sweden/20-51975/2020,EPI_ISL_582796
Peru/LIM-UPCH-0147/2020,EPI_ISL_568541
Belgium/ULG-10445/2020,EPI_ISL_581588
USA/SC-DHEC-0931/2020,EPI_ISL_541671
USA/SC-DHEC-1102/2020,EPI_ISL_574554
Zhejiang/SX0715/2020,EPI_ISL_497950
Peru/LIM-UPCH-0148/2020,EPI_ISL_568542
Switzerland/ZH-ETHZ-270184/2020,EPI_ISL_541531
USA/FL-BPHL-0724/2020,EPI_ISL_509782
UnitedArabEmirates/L3290166145/2020,EPI_ISL_520685
Portugal/IGC2885/2020,EPI_ISL_491175
Portugal/IGC4425/2020,EPI_ISL_491250
Portugal/R1320/2020,EPI_ISL_491275
Portugal/R486/2020,EPI_ISL_491291
Netherlands/ZH-EMC-426/2020,EPI_ISL_523765
Belgium/ULG-10399/2020,EPI_ISL_540566
Belgium/ULG-10258/2020,EPI_ISL_515065
Belgium/ULG-10259/2020,EPI_ISL_515066
Cyprus/006/2020,EPI_ISL_463746
Australia/QLD961/2020,EPI_ISL_530236
CzechRepublic/2308/2020,EPI_ISL_434572
NewZealand/20VR2541/2020,EPI_ISL_456384
Ecuador/USFQ-208/2020,EPI_ISL_539783
Latvia/083/2020,EPI_ISL_501896
Latvia/085/2020,EPI_ISL_501922
Russia/OMS-ORINFI-1639S/2020,EPI_ISL_569842
England/ALDP-92D787/2020,EPI_ISL_553000
Wales/PHWC-169277/2020,EPI_ISL_499424
Sweden/20-14785/2020,EPI_ISL_469062
Chile/Santiago-LAE7918/2020,EPI_ISL_591527
Chile/Santiago-IN233883987/2020,EPI_ISL_591531
Chile/Santiago-A2P533884024/2020,EPI_ISL_591533
Greece/15005_HPI/2020,EPI_ISL_501249
Ecuador/23055/2020,EPI_ISL_491945
Ecuador/USFQ-147/2020,EPI_ISL_491937
Russia/OMS-ORINFI-2427S/2020,EPI_ISL_569835
Ecuador/23890/2020,EPI_ISL_491944
Nigeria/OY627-CV184/2020,EPI_ISL_527911
Chile/Copiapo-00014/2020,EPI_ISL_468756
Colombia/NAR-INS-103313/2020,EPI_ISL_526956
Chile/Copiapo-00007/2020,EPI_ISL_468755
Poland/Sla10/2020,EPI_ISL_451664
Gambia/GC19-1572/2020,EPI_ISL_561014
Peru/LIM-INS-093/2020,EPI_ISL_536492
Peru/UN-INS-015/2020,EPI_ISL_547931
USA/TX-HMH-6127/2020,EPI_ISL_547260
Ghana/35394_S49/2020,EPI_ISL_515094
England/QEUH-9FF33F/2020,EPI_ISL_600460
Ghana/84430_S51/2020,EPI_ISL_515110
SouthAfrica/KRISP-0165/2020,EPI_ISL_467515
Russia/SPE-RII-19109V/2020,EPI_ISL_524023
Russia/OMS-ORINFI-5900S/2020,EPI_ISL_569772
Ghana/35019_S18/2020,EPI_ISL_515091
Russia/OMS-ORINFI-4143S/2020,EPI_ISL_569766
Russia/OMS-ORINFI-4507S/2020,EPI_ISL_569767
SouthAfrica/KRISP-K001378/2020,EPI_ISL_515863
SouthAfrica/KRISP-K003702/2020,EPI_ISL_602882
Switzerland/BL-ETHZ-170015/2020,EPI_ISL_486528
SouthAfrica/KRISP-0286/2020,EPI_ISL_487277
SouthAfrica/LR00122/2020,EPI_ISL_514355
SouthAfrica/KRISP-K003483/2020,EPI_ISL_602815
Gambia/NPHL-1402/2020,EPI_ISL_561225