0.00000000000000000000000000000000000000000000000000000000000000000000000000000000 0.00010000000000000000479217360238592959831294137984514236450195312500000000000000 0.00010000000000000000479217360238592959831294137984514236450195312500000000000000 2.45451915886218730022960698988754302263259887695312500000000000000000000000000000 0.16249184500483448978513933980138972401618957519531250000000000000000000000000000 0.00010000000000000000479217360238592959831294137984514236450195312500000000000000 4.33682418466039276694345971918664872646331787109375000000000000000000000000000000 1.19333796540146597209286483121104538440704345703125000000000000000000000000000000 0.00010000000000000000479217360238592959831294137984514236450195312500000000000000 0.00010000000000000000479217360238592959831294137984514236450195312500000000000000 0.00010000000000000000479217360238592959831294137984514236450195312500000000000000 0.00010000000000000000479217360238592959831294137984514236450195312500000000000000 0.00010000000000000000479217360238592959831294137984514236450195312500000000000000 0.00010000000000000000479217360238592959831294137984514236450195312500000000000000 0.34202558316877385014009860242367722094058990478515625000000000000000000000000000 2.07848981299257395960466965334489941596984863281250000000000000000000000000000000 16.32881196304181514733500080183148384094238281250000000000000000000000000000000000 0.00010000000000000000479217360238592959831294137984514236450195312500000000000000 0.00010000000000000000479217360238592959831294137984514236450195312500000000000000 9.76029005634873847441213001729920506477355957031250000000000000000000000000000000 
0.00010000000000000000479217360238592959831294137984514236450195312500000000000000 0.00000000000000000000000000000000000000000000000000000000000000000000000000000000 0.00010000000000000000479217360238592959831294137984514236450195312500000000000000 0.00010000000000000000479217360238592959831294137984514236450195312500000000000000 0.88994266447033087974460840996471233665943145751953125000000000000000000000000000 29.84434989076948596675720182247459888458251953125000000000000000000000000000000000 0.00010000000000000000479217360238592959831294137984514236450195312500000000000000 14.36478556396751571355707710608839988708496093750000000000000000000000000000000000 4.94714023194164198571343149524182081222534179687500000000000000000000000000000000 4.90366218850621127245403840788640081882476806640625000000000000000000000000000000 0.38237137957017119926916848271503113210201263427734375000000000000000000000000000 44.88315942428940275021886918693780899047851562500000000000000000000000000000000000 23.67362081867274170576820324640721082687377929687500000000000000000000000000000000 0.00010000000000000000479217360238592959831294137984514236450195312500000000000000 0.71577218546337040283589203681913204491138458251953125000000000000000000000000000 3.48092373026076629116687399800866842269897460937500000000000000000000000000000000 0.97027819872905696207965320354560390114784240722656250000000000000000000000000000 6.40481282159372966589216957800090312957763671875000000000000000000000000000000000 0.00010000000000000000479217360238592959831294137984514236450195312500000000000000 0.00010000000000000000479217360238592959831294137984514236450195312500000000000000 
0.00010000000000000000479217360238592959831294137984514236450195312500000000000000 0.00010000000000000000479217360238592959831294137984514236450195312500000000000000 0.00000000000000000000000000000000000000000000000000000000000000000000000000000000 35.67470354548795086202517268247902393341064453125000000000000000000000000000000000 0.00010000000000000000479217360238592959831294137984514236450195312500000000000000 0.21071372551064915246143982585635967552661895751953125000000000000000000000000000 0.00010000000000000000479217360238592959831294137984514236450195312500000000000000 0.00010000000000000000479217360238592959831294137984514236450195312500000000000000 5.36393417857249588109880278352648019790649414062500000000000000000000000000000000 1.24722153004712921209318210458150133490562438964843750000000000000000000000000000 0.07899128803787444641493209473992465063929557800292968750000000000000000000000000 9.01511694263168550378395593725144863128662109375000000000000000000000000000000000 1.24813172008443951099820878880564123392105102539062500000000000000000000000000000 0.00010000000000000000479217360238592959831294137984514236450195312500000000000000 0.00010000000000000000479217360238592959831294137984514236450195312500000000000000 8.88999257657209795979724731296300888061523437500000000000000000000000000000000000 2.16937607769279283687069437291938811540603637695312500000000000000000000000000000 0.00010000000000000000479217360238592959831294137984514236450195312500000000000000 1.17519395151448402536686899111373350024223327636718750000000000000000000000000000 0.00010000000000000000479217360238592959831294137984514236450195312500000000000000 
2.45451915886218730022960698988754302263259887695312500000000000000000000000000000 0.00010000000000000000479217360238592959831294137984514236450195312500000000000000 35.67470354548795086202517268247902393341064453125000000000000000000000000000000000 0.00000000000000000000000000000000000000000000000000000000000000000000000000000000 0.00010000000000000000479217360238592959831294137984514236450195312500000000000000 0.00010000000000000000479217360238592959831294137984514236450195312500000000000000 16.41091469150580905989045277237892150878906250000000000000000000000000000000000000 11.76750111020269784489755693357437849044799804687500000000000000000000000000000000 1.78695296717827778465448318456765264272689819335937500000000000000000000000000000 0.00010000000000000000479217360238592959831294137984514236450195312500000000000000 0.00010000000000000000479217360238592959831294137984514236450195312500000000000000 0.00010000000000000000479217360238592959831294137984514236450195312500000000000000 0.00010000000000000000479217360238592959831294137984514236450195312500000000000000 0.00010000000000000000479217360238592959831294137984514236450195312500000000000000 0.00010000000000000000479217360238592959831294137984514236450195312500000000000000 0.00010000000000000000479217360238592959831294137984514236450195312500000000000000 0.00010000000000000000479217360238592959831294137984514236450195312500000000000000 0.00010000000000000000479217360238592959831294137984514236450195312500000000000000 2.35365727044396377820589805196505039930343627929687500000000000000000000000000000 0.52969854832127716282030860384111292660236358642578125000000000000000000000000000 
0.16249184500483448978513933980138972401618957519531250000000000000000000000000000 0.88994266447033087974460840996471233665943145751953125000000000000000000000000000 0.00010000000000000000479217360238592959831294137984514236450195312500000000000000 0.00010000000000000000479217360238592959831294137984514236450195312500000000000000 0.00000000000000000000000000000000000000000000000000000000000000000000000000000000 0.00010000000000000000479217360238592959831294137984514236450195312500000000000000 0.00010000000000000000479217360238592959831294137984514236450195312500000000000000 0.85264161432366702975116368179442360997200012207031250000000000000000000000000000 0.00010000000000000000479217360238592959831294137984514236450195312500000000000000 0.00010000000000000000479217360238592959831294137984514236450195312500000000000000 0.00010000000000000000479217360238592959831294137984514236450195312500000000000000 0.00010000000000000000479217360238592959831294137984514236450195312500000000000000 0.00010000000000000000479217360238592959831294137984514236450195312500000000000000 1.57932143383065004549337118078256025910377502441406250000000000000000000000000000 0.00010000000000000000479217360238592959831294137984514236450195312500000000000000 1.13141486284391046268638092442415654659271240234375000000000000000000000000000000 0.00010000000000000000479217360238592959831294137984514236450195312500000000000000 3.43350252108136588802267397113610059022903442382812500000000000000000000000000000 1.51416123248650591470720883080502972006797790527343750000000000000000000000000000 0.19962146713741141246245547336002346128225326538085937500000000000000000000000000 
0.00010000000000000000479217360238592959831294137984514236450195312500000000000000 29.84434989076948596675720182247459888458251953125000000000000000000000000000000000 0.21071372551064915246143982585635967552661895751953125000000000000000000000000000 0.00010000000000000000479217360238592959831294137984514236450195312500000000000000 0.00010000000000000000479217360238592959831294137984514236450195312500000000000000 0.00000000000000000000000000000000000000000000000000000000000000000000000000000000 3.51316551870196480678032457944937050342559814453125000000000000000000000000000000 0.00010000000000000000479217360238592959831294137984514236450195312500000000000000 22.33906755315170400422175589483231306076049804687500000000000000000000000000000000 0.00010000000000000000479217360238592959831294137984514236450195312500000000000000 2.31888253699859347989331581629812717437744140625000000000000000000000000000000000 5.06132528831903005794856653665192425251007080078125000000000000000000000000000000 0.00010000000000000000479217360238592959831294137984514236450195312500000000000000 0.00010000000000000000479217360238592959831294137984514236450195312500000000000000 4.27907262764843121516378232627175748348236083984375000000000000000000000000000000 0.00010000000000000000479217360238592959831294137984514236450195312500000000000000 0.00010000000000000000479217360238592959831294137984514236450195312500000000000000 0.00010000000000000000479217360238592959831294137984514236450195312500000000000000 0.00010000000000000000479217360238592959831294137984514236450195312500000000000000 0.00010000000000000000479217360238592959831294137984514236450195312500000000000000 
4.33682418466039276694345971918664872646331787109375000000000000000000000000000000 0.00010000000000000000479217360238592959831294137984514236450195312500000000000000 0.00010000000000000000479217360238592959831294137984514236450195312500000000000000 16.41091469150580905989045277237892150878906250000000000000000000000000000000000000 0.00010000000000000000479217360238592959831294137984514236450195312500000000000000 3.51316551870196480678032457944937050342559814453125000000000000000000000000000000 0.00000000000000000000000000000000000000000000000000000000000000000000000000000000 20.92932155414131401016675226856023073196411132812500000000000000000000000000000000 0.00010000000000000000479217360238592959831294137984514236450195312500000000000000 0.00010000000000000000479217360238592959831294137984514236450195312500000000000000 0.00010000000000000000479217360238592959831294137984514236450195312500000000000000 20.06254642823741818347116350196301937103271484375000000000000000000000000000000000 0.00010000000000000000479217360238592959831294137984514236450195312500000000000000 0.00010000000000000000479217360238592959831294137984514236450195312500000000000000 0.00010000000000000000479217360238592959831294137984514236450195312500000000000000 0.00010000000000000000479217360238592959831294137984514236450195312500000000000000 0.00010000000000000000479217360238592959831294137984514236450195312500000000000000 0.00010000000000000000479217360238592959831294137984514236450195312500000000000000 0.00010000000000000000479217360238592959831294137984514236450195312500000000000000 2.55932704661520737943192216334864497184753417968750000000000000000000000000000000 
1.19333796540146597209286483121104538440704345703125000000000000000000000000000000 14.36478556396751571355707710608839988708496093750000000000000000000000000000000000 0.00010000000000000000479217360238592959831294137984514236450195312500000000000000 11.76750111020269784489755693357437849044799804687500000000000000000000000000000000 0.85264161432366702975116368179442360997200012207031250000000000000000000000000000 0.00010000000000000000479217360238592959831294137984514236450195312500000000000000 20.92932155414131401016675226856023073196411132812500000000000000000000000000000000 0.00000000000000000000000000000000000000000000000000000000000000000000000000000000 0.00010000000000000000479217360238592959831294137984514236450195312500000000000000 0.00010000000000000000479217360238592959831294137984514236450195312500000000000000 0.00010000000000000000479217360238592959831294137984514236450195312500000000000000 0.00010000000000000000479217360238592959831294137984514236450195312500000000000000 0.00010000000000000000479217360238592959831294137984514236450195312500000000000000 0.00010000000000000000479217360238592959831294137984514236450195312500000000000000 0.00010000000000000000479217360238592959831294137984514236450195312500000000000000 3.02506062492086824633474861911963671445846557617187500000000000000000000000000000 0.00010000000000000000479217360238592959831294137984514236450195312500000000000000 3.45387040326632988040955751785077154636383056640625000000000000000000000000000000 0.00010000000000000000479217360238592959831294137984514236450195312500000000000000 2.00670848403400192694334691623225808143615722656250000000000000000000000000000000 
0.00010000000000000000479217360238592959831294137984514236450195312500000000000000 4.94714023194164198571343149524182081222534179687500000000000000000000000000000000 5.36393417857249588109880278352648019790649414062500000000000000000000000000000000 1.78695296717827778465448318456765264272689819335937500000000000000000000000000000 0.00010000000000000000479217360238592959831294137984514236450195312500000000000000 22.33906755315170400422175589483231306076049804687500000000000000000000000000000000 0.00010000000000000000479217360238592959831294137984514236450195312500000000000000 0.00010000000000000000479217360238592959831294137984514236450195312500000000000000 0.00000000000000000000000000000000000000000000000000000000000000000000000000000000 0.00010000000000000000479217360238592959831294137984514236450195312500000000000000 0.65791010017874251847302957685315050184726715087890625000000000000000000000000000 0.00010000000000000000479217360238592959831294137984514236450195312500000000000000 0.00010000000000000000479217360238592959831294137984514236450195312500000000000000 0.00010000000000000000479217360238592959831294137984514236450195312500000000000000 1.40261675352154790985537147207651287317276000976562500000000000000000000000000000 0.10238453863602597904147728513635229319334030151367187500000000000000000000000000 0.00010000000000000000479217360238592959831294137984514236450195312500000000000000 0.00010000000000000000479217360238592959831294137984514236450195312500000000000000 11.67477796594517691630699118832126259803771972656250000000000000000000000000000000 0.17000490880321852960044282099261181429028511047363281250000000000000000000000000 
0.00010000000000000000479217360238592959831294137984514236450195312500000000000000 4.90366218850621127245403840788640081882476806640625000000000000000000000000000000 1.24722153004712921209318210458150133490562438964843750000000000000000000000000000 0.00010000000000000000479217360238592959831294137984514236450195312500000000000000 0.00010000000000000000479217360238592959831294137984514236450195312500000000000000 0.00010000000000000000479217360238592959831294137984514236450195312500000000000000 0.00010000000000000000479217360238592959831294137984514236450195312500000000000000 0.00010000000000000000479217360238592959831294137984514236450195312500000000000000 0.00010000000000000000479217360238592959831294137984514236450195312500000000000000 0.00000000000000000000000000000000000000000000000000000000000000000000000000000000 11.90595961472259745050905621610581874847412109375000000000000000000000000000000000 0.85226367601945884899805605527944862842559814453125000000000000000000000000000000 154.17145806955315379127569030970335006713867187500000000000000000000000000000000000 6.64853791486484624329023063182830810546875000000000000000000000000000000000000000 0.00010000000000000000479217360238592959831294137984514236450195312500000000000000 2.28906262440850039041606578393839299678802490234375000000000000000000000000000000 10.58525938978705127624380111228674650192260742187500000000000000000000000000000000 0.00010000000000000000479217360238592959831294137984514236450195312500000000000000 0.00010000000000000000479217360238592959831294137984514236450195312500000000000000 46.77829620497670504164489102549850940704345703125000000000000000000000000000000000 
0.00010000000000000000479217360238592959831294137984514236450195312500000000000000 0.38237137957017119926916848271503113210201263427734375000000000000000000000000000 0.07899128803787444641493209473992465063929557800292968750000000000000000000000000 0.00010000000000000000479217360238592959831294137984514236450195312500000000000000 0.00010000000000000000479217360238592959831294137984514236450195312500000000000000 2.31888253699859347989331581629812717437744140625000000000000000000000000000000000 0.00010000000000000000479217360238592959831294137984514236450195312500000000000000 0.00010000000000000000479217360238592959831294137984514236450195312500000000000000 0.65791010017874251847302957685315050184726715087890625000000000000000000000000000 11.90595961472259745050905621610581874847412109375000000000000000000000000000000000 0.00000000000000000000000000000000000000000000000000000000000000000000000000000000 0.00010000000000000000479217360238592959831294137984514236450195312500000000000000 25.13446960030661614382552215829491615295410156250000000000000000000000000000000000 8.09862913629615022159669024404138326644897460937500000000000000000000000000000000 3.26515050812610230224208862637169659137725830078125000000000000000000000000000000 1.58374829004579176228162396000698208808898925781250000000000000000000000000000000 0.05118232051210602068236354966757062356919050216674804687500000000000000000000000 0.75031335281196387398949809721671044826507568359375000000000000000000000000000000 0.00010000000000000000479217360238592959831294137984514236450195312500000000000000 2.79739722777698274214230877987574785947799682617187500000000000000000000000000000 
0.00010000000000000000479217360238592959831294137984514236450195312500000000000000 44.88315942428940275021886918693780899047851562500000000000000000000000000000000000 9.01511694263168550378395593725144863128662109375000000000000000000000000000000000 0.00010000000000000000479217360238592959831294137984514236450195312500000000000000 0.00010000000000000000479217360238592959831294137984514236450195312500000000000000 5.06132528831903005794856653665192425251007080078125000000000000000000000000000000 20.06254642823741818347116350196301937103271484375000000000000000000000000000000000 0.00010000000000000000479217360238592959831294137984514236450195312500000000000000 0.00010000000000000000479217360238592959831294137984514236450195312500000000000000 0.85226367601945884899805605527944862842559814453125000000000000000000000000000000 0.00010000000000000000479217360238592959831294137984514236450195312500000000000000 0.00000000000000000000000000000000000000000000000000000000000000000000000000000000 12.15436827281104648079690377926453948020935058593750000000000000000000000000000000 0.21368632055514197309875612518226262181997299194335937500000000000000000000000000 0.00010000000000000000479217360238592959831294137984514236450195312500000000000000 0.00010000000000000000479217360238592959831294137984514236450195312500000000000000 3.73408163493925027154318740940652787685394287109375000000000000000000000000000000 0.00010000000000000000479217360238592959831294137984514236450195312500000000000000 0.00010000000000000000479217360238592959831294137984514236450195312500000000000000 0.08143606239514389333322696984396316111087799072265625000000000000000000000000000 
0.00010000000000000000479217360238592959831294137984514236450195312500000000000000 23.67362081867274170576820324640721082687377929687500000000000000000000000000000000 1.24813172008443951099820878880564123392105102539062500000000000000000000000000000 0.00010000000000000000479217360238592959831294137984514236450195312500000000000000 0.00010000000000000000479217360238592959831294137984514236450195312500000000000000 0.00010000000000000000479217360238592959831294137984514236450195312500000000000000 0.00010000000000000000479217360238592959831294137984514236450195312500000000000000 0.00010000000000000000479217360238592959831294137984514236450195312500000000000000 0.00010000000000000000479217360238592959831294137984514236450195312500000000000000 154.17145806955315379127569030970335006713867187500000000000000000000000000000000000 25.13446960030661614382552215829491615295410156250000000000000000000000000000000000 12.15436827281104648079690377926453948020935058593750000000000000000000000000000000 0.00000000000000000000000000000000000000000000000000000000000000000000000000000000 0.00010000000000000000479217360238592959831294137984514236450195312500000000000000 0.00010000000000000000479217360238592959831294137984514236450195312500000000000000 0.00010000000000000000479217360238592959831294137984514236450195312500000000000000 3.50114912949372891759480808104854077100753784179687500000000000000000000000000000 0.00010000000000000000479217360238592959831294137984514236450195312500000000000000 0.00010000000000000000479217360238592959831294137984514236450195312500000000000000 43.45745144780065061240748036652803421020507812500000000000000000000000000000000000 
0.00010000000000000000479217360238592959831294137984514236450195312500000000000000 0.00010000000000000000479217360238592959831294137984514236450195312500000000000000 0.00010000000000000000479217360238592959831294137984514236450195312500000000000000 0.00010000000000000000479217360238592959831294137984514236450195312500000000000000 1.57932143383065004549337118078256025910377502441406250000000000000000000000000000 0.00010000000000000000479217360238592959831294137984514236450195312500000000000000 0.00010000000000000000479217360238592959831294137984514236450195312500000000000000 0.00010000000000000000479217360238592959831294137984514236450195312500000000000000 0.00010000000000000000479217360238592959831294137984514236450195312500000000000000 6.64853791486484624329023063182830810546875000000000000000000000000000000000000000 8.09862913629615022159669024404138326644897460937500000000000000000000000000000000 0.21368632055514197309875612518226262181997299194335937500000000000000000000000000 0.00010000000000000000479217360238592959831294137984514236450195312500000000000000 0.00000000000000000000000000000000000000000000000000000000000000000000000000000000 0.00010000000000000000479217360238592959831294137984514236450195312500000000000000 4.68267617587949125379509496269747614860534667968750000000000000000000000000000000 0.00010000000000000000479217360238592959831294137984514236450195312500000000000000 0.00010000000000000000479217360238592959831294137984514236450195312500000000000000 9.19426425944100778053780231857672333717346191406250000000000000000000000000000000 3.47536191951727468918420527188573032617568969726562500000000000000000000000000000 
0.34202558316877385014009860242367722094058990478515625000000000000000000000000000 0.71577218546337040283589203681913204491138458251953125000000000000000000000000000 0.00010000000000000000479217360238592959831294137984514236450195312500000000000000 0.00010000000000000000479217360238592959831294137984514236450195312500000000000000 0.00010000000000000000479217360238592959831294137984514236450195312500000000000000 4.27907262764843121516378232627175748348236083984375000000000000000000000000000000 0.00010000000000000000479217360238592959831294137984514236450195312500000000000000 0.00010000000000000000479217360238592959831294137984514236450195312500000000000000 1.40261675352154790985537147207651287317276000976562500000000000000000000000000000 0.00010000000000000000479217360238592959831294137984514236450195312500000000000000 3.26515050812610230224208862637169659137725830078125000000000000000000000000000000 0.00010000000000000000479217360238592959831294137984514236450195312500000000000000 0.00010000000000000000479217360238592959831294137984514236450195312500000000000000 0.00010000000000000000479217360238592959831294137984514236450195312500000000000000 0.00000000000000000000000000000000000000000000000000000000000000000000000000000000 11.55781247292242674973294924711808562278747558593750000000000000000000000000000000 2.82465173007407033267668339249212294816970825195312500000000000000000000000000000 0.00010000000000000000479217360238592959831294137984514236450195312500000000000000 0.00010000000000000000479217360238592959831294137984514236450195312500000000000000 0.10468471475735653675176450860817567445337772369384765625000000000000000000000000 
2.07848981299257395960466965334489941596984863281250000000000000000000000000000000 3.48092373026076629116687399800866842269897460937500000000000000000000000000000000 8.88999257657209795979724731296300888061523437500000000000000000000000000000000000 0.00010000000000000000479217360238592959831294137984514236450195312500000000000000 1.13141486284391046268638092442415654659271240234375000000000000000000000000000000 0.00010000000000000000479217360238592959831294137984514236450195312500000000000000 0.00010000000000000000479217360238592959831294137984514236450195312500000000000000 3.02506062492086824633474861911963671445846557617187500000000000000000000000000000 0.10238453863602597904147728513635229319334030151367187500000000000000000000000000 2.28906262440850039041606578393839299678802490234375000000000000000000000000000000 1.58374829004579176228162396000698208808898925781250000000000000000000000000000000 0.00010000000000000000479217360238592959831294137984514236450195312500000000000000 0.00010000000000000000479217360238592959831294137984514236450195312500000000000000 4.68267617587949125379509496269747614860534667968750000000000000000000000000000000 11.55781247292242674973294924711808562278747558593750000000000000000000000000000000 0.00000000000000000000000000000000000000000000000000000000000000000000000000000000 5.68851125213004138458927627652883529663085937500000000000000000000000000000000000 0.00010000000000000000479217360238592959831294137984514236450195312500000000000000 1.73441144685660542101857117813779041171073913574218750000000000000000000000000000 0.00010000000000000000479217360238592959831294137984514236450195312500000000000000 
16.32881196304181514733500080183148384094238281250000000000000000000000000000000000 0.97027819872905696207965320354560390114784240722656250000000000000000000000000000 2.16937607769279283687069437291938811540603637695312500000000000000000000000000000 0.00010000000000000000479217360238592959831294137984514236450195312500000000000000 0.00010000000000000000479217360238592959831294137984514236450195312500000000000000 0.00010000000000000000479217360238592959831294137984514236450195312500000000000000 0.00010000000000000000479217360238592959831294137984514236450195312500000000000000 0.00010000000000000000479217360238592959831294137984514236450195312500000000000000 0.00010000000000000000479217360238592959831294137984514236450195312500000000000000 10.58525938978705127624380111228674650192260742187500000000000000000000000000000000 0.05118232051210602068236354966757062356919050216674804687500000000000000000000000 3.73408163493925027154318740940652787685394287109375000000000000000000000000000000 3.50114912949372891759480808104854077100753784179687500000000000000000000000000000 0.00010000000000000000479217360238592959831294137984514236450195312500000000000000 2.82465173007407033267668339249212294816970825195312500000000000000000000000000000 5.68851125213004138458927627652883529663085937500000000000000000000000000000000000 0.00000000000000000000000000000000000000000000000000000000000000000000000000000000 0.32645373798570892498460693786910269409418106079101562500000000000000000000000000 0.00010000000000000000479217360238592959831294137984514236450195312500000000000000 0.04702124742509377480770282886624045204371213912963867187500000000000000000000000 
0.00010000000000000000479217360238592959831294137984514236450195312500000000000000 6.40481282159372966589216957800090312957763671875000000000000000000000000000000000 0.00010000000000000000479217360238592959831294137984514236450195312500000000000000 0.00010000000000000000479217360238592959831294137984514236450195312500000000000000 3.43350252108136588802267397113610059022903442382812500000000000000000000000000000 0.00010000000000000000479217360238592959831294137984514236450195312500000000000000 0.00010000000000000000479217360238592959831294137984514236450195312500000000000000 3.45387040326632988040955751785077154636383056640625000000000000000000000000000000 0.00010000000000000000479217360238592959831294137984514236450195312500000000000000 0.00010000000000000000479217360238592959831294137984514236450195312500000000000000 0.75031335281196387398949809721671044826507568359375000000000000000000000000000000 0.00010000000000000000479217360238592959831294137984514236450195312500000000000000 0.00010000000000000000479217360238592959831294137984514236450195312500000000000000 0.00010000000000000000479217360238592959831294137984514236450195312500000000000000 0.00010000000000000000479217360238592959831294137984514236450195312500000000000000 0.00010000000000000000479217360238592959831294137984514236450195312500000000000000 0.32645373798570892498460693786910269409418106079101562500000000000000000000000000 0.00000000000000000000000000000000000000000000000000000000000000000000000000000000 0.59361451415365951156388746312586590647697448730468750000000000000000000000000000 0.00010000000000000000479217360238592959831294137984514236450195312500000000000000 
0.00010000000000000000479217360238592959831294137984514236450195312500000000000000 0.00010000000000000000479217360238592959831294137984514236450195312500000000000000 1.17519395151448402536686899111373350024223327636718750000000000000000000000000000 2.35365727044396377820589805196505039930343627929687500000000000000000000000000000 1.51416123248650591470720883080502972006797790527343750000000000000000000000000000 0.00010000000000000000479217360238592959831294137984514236450195312500000000000000 0.00010000000000000000479217360238592959831294137984514236450195312500000000000000 0.00010000000000000000479217360238592959831294137984514236450195312500000000000000 11.67477796594517691630699118832126259803771972656250000000000000000000000000000000 0.00010000000000000000479217360238592959831294137984514236450195312500000000000000 0.00010000000000000000479217360238592959831294137984514236450195312500000000000000 0.00010000000000000000479217360238592959831294137984514236450195312500000000000000 0.00010000000000000000479217360238592959831294137984514236450195312500000000000000 9.19426425944100778053780231857672333717346191406250000000000000000000000000000000 0.00010000000000000000479217360238592959831294137984514236450195312500000000000000 1.73441144685660542101857117813779041171073913574218750000000000000000000000000000 0.00010000000000000000479217360238592959831294137984514236450195312500000000000000 0.59361451415365951156388746312586590647697448730468750000000000000000000000000000 0.00000000000000000000000000000000000000000000000000000000000000000000000000000000 1.00000000000000000000000000000000000000000000000000000000000000000000000000000000 
9.76029005634873847441213001729920506477355957031250000000000000000000000000000000 0.00010000000000000000479217360238592959831294137984514236450195312500000000000000 0.00010000000000000000479217360238592959831294137984514236450195312500000000000000 0.52969854832127716282030860384111292660236358642578125000000000000000000000000000 0.19962146713741141246245547336002346128225326538085937500000000000000000000000000 0.00010000000000000000479217360238592959831294137984514236450195312500000000000000 2.55932704661520737943192216334864497184753417968750000000000000000000000000000000 2.00670848403400192694334691623225808143615722656250000000000000000000000000000000 0.17000490880321852960044282099261181429028511047363281250000000000000000000000000 46.77829620497670504164489102549850940704345703125000000000000000000000000000000000 2.79739722777698274214230877987574785947799682617187500000000000000000000000000000 0.08143606239514389333322696984396316111087799072265625000000000000000000000000000 43.45745144780065061240748036652803421020507812500000000000000000000000000000000000 3.47536191951727468918420527188573032617568969726562500000000000000000000000000000 0.10468471475735653675176450860817567445337772369384765625000000000000000000000000 0.00010000000000000000479217360238592959831294137984514236450195312500000000000000 0.04702124742509377480770282886624045204371213912963867187500000000000000000000000 0.00010000000000000000479217360238592959831294137984514236450195312500000000000000 1.00000000000000000000000000000000000000000000000000000000000000000000000000000000 0.00000000000000000000000000000000000000000000000000000000000000000000000000000000 
0.05411071077628561848404942224988189991563558578491210937500000000000000000000000 0.03399027438333039607964991546396049670875072479248046875000000000000000000000000 0.06647685756758799080490263122555916197597980499267578125000000000000000000000000 0.04477714228123661627245510885586554650217294692993164062500000000000000000000000 0.02768928418453475356897364179076248547062277793884277343750000000000000000000000 0.02519489027186374088818077154883212642744183540344238281250000000000000000000000 0.05032527904457154144246544547058874741196632385253906250000000000000000000000000 0.06809947340572954088688817364527494646608829498291015625000000000000000000000000 0.03071581546524225839189803366480191471055150032043457031250000000000000000000000 0.06175816976996145041267638475801504682749509811401367187500000000000000000000000 0.07390561616568822045358899686107179149985313415527343750000000000000000000000000 0.07229711003048704121010104017841513268649578094482421875000000000000000000000000 0.00627075512106628919078987749458065081853419542312622070312500000000000000000000 0.03084179495578119947762907315791380824521183967590332031250000000000000000000000 0.05556300234321851633234601308686251286417245864868164062500000000000000000000000 0.09583209453500968200145848641113843768835067749023437500000000000000000000000000 0.07655219330293028257017340365564450621604919433593750000000000000000000000000000 0.01848068734410037924908998263617831980809569358825683593750000000000000000000000 0.04309103277986343905059385406275396235287189483642578125000000000000000000000000 0.06402781627151099552719415441970340907573699951171875000000000000000000000000000 
