0.00000000000000000000000000000000000000000000000000000000000000000000000000000000 0.00010000000000000000479217360238592959831294137984514236450195312500000000000000 0.00010000000000000000479217360238592959831294137984514236450195312500000000000000 1.04489032943410498077696502150502055883407592773437500000000000000000000000000000 0.00010000000000000000479217360238592959831294137984514236450195312500000000000000 0.00010000000000000000479217360238592959831294137984514236450195312500000000000000 0.95184933279157490915167727507650852203369140625000000000000000000000000000000000 0.71967417672357525404436273674946278333663940429687500000000000000000000000000000 0.00010000000000000000479217360238592959831294137984514236450195312500000000000000 0.00010000000000000000479217360238592959831294137984514236450195312500000000000000 0.00010000000000000000479217360238592959831294137984514236450195312500000000000000 0.00010000000000000000479217360238592959831294137984514236450195312500000000000000 0.00010000000000000000479217360238592959831294137984514236450195312500000000000000 0.00010000000000000000479217360238592959831294137984514236450195312500000000000000 1.01792166911667036899302729580085724592208862304687500000000000000000000000000000 6.42388690482755286836891173152253031730651855468750000000000000000000000000000000 16.02677023997873106964107137173414230346679687500000000000000000000000000000000000 0.00010000000000000000479217360238592959831294137984514236450195312500000000000000 0.00010000000000000000479217360238592959831294137984514236450195312500000000000000 10.30882323973862568777803971897810697555541992187500000000000000000000000000000000 
0.00010000000000000000479217360238592959831294137984514236450195312500000000000000 0.00000000000000000000000000000000000000000000000000000000000000000000000000000000 0.00010000000000000000479217360238592959831294137984514236450195312500000000000000 0.00010000000000000000479217360238592959831294137984514236450195312500000000000000 1.18606291736558611127350104652578011155128479003906250000000000000000000000000000 17.50482345977412279580676113255321979522705078125000000000000000000000000000000000 0.21095882937843649096443243706744397059082984924316406250000000000000000000000000 7.32195807462968861756280603003688156604766845703125000000000000000000000000000000 2.45875591772523005573702903348021209239959716796875000000000000000000000000000000 1.82040870813678057338336202519712969660758972167968750000000000000000000000000000 0.72607593472615605811881778208771720528602600097656250000000000000000000000000000 34.85106033112803203266594209708273410797119140625000000000000000000000000000000000 3.74243182620325276488415511266794055700302124023437500000000000000000000000000000 0.00010000000000000000479217360238592959831294137984514236450195312500000000000000 0.00010000000000000000479217360238592959831294137984514236450195312500000000000000 4.97368676553357680347744462778791785240173339843750000000000000000000000000000000 0.22432931993066504428036012086522532626986503601074218750000000000000000000000000 1.23473146729280869315914515027543529868125915527343750000000000000000000000000000 0.00010000000000000000479217360238592959831294137984514236450195312500000000000000 0.00010000000000000000479217360238592959831294137984514236450195312500000000000000 
0.00010000000000000000479217360238592959831294137984514236450195312500000000000000 0.00010000000000000000479217360238592959831294137984514236450195312500000000000000 0.00000000000000000000000000000000000000000000000000000000000000000000000000000000 36.56163811167157717818554374389350414276123046875000000000000000000000000000000000 0.00010000000000000000479217360238592959831294137984514236450195312500000000000000 0.00010000000000000000479217360238592959831294137984514236450195312500000000000000 0.00010000000000000000479217360238592959831294137984514236450195312500000000000000 0.00010000000000000000479217360238592959831294137984514236450195312500000000000000 3.94712390852869399182623055821750313043594360351562500000000000000000000000000000 1.15115480383517509999080630223033949732780456542968750000000000000000000000000000 0.08463952763455141747872545465725124813616275787353515625000000000000000000000000 10.23171541011192964276688144309446215629577636718750000000000000000000000000000000 0.00010000000000000000479217360238592959831294137984514236450195312500000000000000 0.00010000000000000000479217360238592959831294137984514236450195312500000000000000 0.00010000000000000000479217360238592959831294137984514236450195312500000000000000 15.08587731078983296129081281833350658416748046875000000000000000000000000000000000 3.98116051286191696689797936414834111928939819335937500000000000000000000000000000 0.00010000000000000000479217360238592959831294137984514236450195312500000000000000 1.59744854829622573433312027191277593374252319335937500000000000000000000000000000 0.00010000000000000000479217360238592959831294137984514236450195312500000000000000 
1.04489032943410498077696502150502055883407592773437500000000000000000000000000000 0.00010000000000000000479217360238592959831294137984514236450195312500000000000000 36.56163811167157717818554374389350414276123046875000000000000000000000000000000000 0.00000000000000000000000000000000000000000000000000000000000000000000000000000000 0.00010000000000000000479217360238592959831294137984514236450195312500000000000000 0.00010000000000000000479217360238592959831294137984514236450195312500000000000000 10.84155191043781840676274441648274660110473632812500000000000000000000000000000000 7.45752535319713061312540958169847726821899414062500000000000000000000000000000000 1.64733647718151554606436093308730050921440124511718750000000000000000000000000000 0.00010000000000000000479217360238592959831294137984514236450195312500000000000000 0.00010000000000000000479217360238592959831294137984514236450195312500000000000000 0.00010000000000000000479217360238592959831294137984514236450195312500000000000000 0.00010000000000000000479217360238592959831294137984514236450195312500000000000000 0.00010000000000000000479217360238592959831294137984514236450195312500000000000000 0.00010000000000000000479217360238592959831294137984514236450195312500000000000000 0.00010000000000000000479217360238592959831294137984514236450195312500000000000000 0.00010000000000000000479217360238592959831294137984514236450195312500000000000000 0.00010000000000000000479217360238592959831294137984514236450195312500000000000000 4.91113185998965384726488991873338818550109863281250000000000000000000000000000000 0.32566805954697425340427230366913136094808578491210937500000000000000000000000000 
0.00010000000000000000479217360238592959831294137984514236450195312500000000000000 1.18606291736558611127350104652578011155128479003906250000000000000000000000000000 0.00010000000000000000479217360238592959831294137984514236450195312500000000000000 0.00010000000000000000479217360238592959831294137984514236450195312500000000000000 0.00000000000000000000000000000000000000000000000000000000000000000000000000000000 0.00010000000000000000479217360238592959831294137984514236450195312500000000000000 0.00010000000000000000479217360238592959831294137984514236450195312500000000000000 0.36789363577965605855979447369463741779327392578125000000000000000000000000000000 0.00010000000000000000479217360238592959831294137984514236450195312500000000000000 0.00010000000000000000479217360238592959831294137984514236450195312500000000000000 0.00010000000000000000479217360238592959831294137984514236450195312500000000000000 0.00010000000000000000479217360238592959831294137984514236450195312500000000000000 0.00010000000000000000479217360238592959831294137984514236450195312500000000000000 1.74872523002301027972293923085089772939682006835937500000000000000000000000000000 0.00010000000000000000479217360238592959831294137984514236450195312500000000000000 1.60481626120738596341652737464755773544311523437500000000000000000000000000000000 0.00010000000000000000479217360238592959831294137984514236450195312500000000000000 1.43176154155125234801460010203300043940544128417968750000000000000000000000000000 4.00152159212520164288662272156216204166412353515625000000000000000000000000000000 0.00010000000000000000479217360238592959831294137984514236450195312500000000000000 
0.00010000000000000000479217360238592959831294137984514236450195312500000000000000 17.50482345977412279580676113255321979522705078125000000000000000000000000000000000 0.00010000000000000000479217360238592959831294137984514236450195312500000000000000 0.00010000000000000000479217360238592959831294137984514236450195312500000000000000 0.00010000000000000000479217360238592959831294137984514236450195312500000000000000 0.00000000000000000000000000000000000000000000000000000000000000000000000000000000 0.23333843031532325307253472601587418466806411743164062500000000000000000000000000 0.00010000000000000000479217360238592959831294137984514236450195312500000000000000 30.83838686127189276930948835797607898712158203125000000000000000000000000000000000 0.00010000000000000000479217360238592959831294137984514236450195312500000000000000 2.75926559447386132717383588897064328193664550781250000000000000000000000000000000 7.91658823232586605911365040810778737068176269531250000000000000000000000000000000 0.00010000000000000000479217360238592959831294137984514236450195312500000000000000 0.00010000000000000000479217360238592959831294137984514236450195312500000000000000 2.36552865058579575574526643322315067052841186523437500000000000000000000000000000 0.00010000000000000000479217360238592959831294137984514236450195312500000000000000 0.00010000000000000000479217360238592959831294137984514236450195312500000000000000 0.00010000000000000000479217360238592959831294137984514236450195312500000000000000 0.00010000000000000000479217360238592959831294137984514236450195312500000000000000 0.00010000000000000000479217360238592959831294137984514236450195312500000000000000 
0.95184933279157490915167727507650852203369140625000000000000000000000000000000000 0.21095882937843649096443243706744397059082984924316406250000000000000000000000000 0.00010000000000000000479217360238592959831294137984514236450195312500000000000000 10.84155191043781840676274441648274660110473632812500000000000000000000000000000000 0.00010000000000000000479217360238592959831294137984514236450195312500000000000000 0.23333843031532325307253472601587418466806411743164062500000000000000000000000000 0.00000000000000000000000000000000000000000000000000000000000000000000000000000000 13.17617142166199606378995667910203337669372558593750000000000000000000000000000000 0.00010000000000000000479217360238592959831294137984514236450195312500000000000000 0.03081383610323872729308547491200442891567945480346679687500000000000000000000000 0.00010000000000000000479217360238592959831294137984514236450195312500000000000000 10.79158622146004375963457277975976467132568359375000000000000000000000000000000000 0.00010000000000000000479217360238592959831294137984514236450195312500000000000000 0.00010000000000000000479217360238592959831294137984514236450195312500000000000000 0.00010000000000000000479217360238592959831294137984514236450195312500000000000000 0.00010000000000000000479217360238592959831294137984514236450195312500000000000000 0.00010000000000000000479217360238592959831294137984514236450195312500000000000000 0.00010000000000000000479217360238592959831294137984514236450195312500000000000000 0.00010000000000000000479217360238592959831294137984514236450195312500000000000000 1.57102886100883876174805209302576258778572082519531250000000000000000000000000000 
0.71967417672357525404436273674946278333663940429687500000000000000000000000000000 7.32195807462968861756280603003688156604766845703125000000000000000000000000000000 0.00010000000000000000479217360238592959831294137984514236450195312500000000000000 7.45752535319713061312540958169847726821899414062500000000000000000000000000000000 0.36789363577965605855979447369463741779327392578125000000000000000000000000000000 0.00010000000000000000479217360238592959831294137984514236450195312500000000000000 13.17617142166199606378995667910203337669372558593750000000000000000000000000000000 0.00000000000000000000000000000000000000000000000000000000000000000000000000000000 0.00010000000000000000479217360238592959831294137984514236450195312500000000000000 0.00010000000000000000479217360238592959831294137984514236450195312500000000000000 0.00010000000000000000479217360238592959831294137984514236450195312500000000000000 0.00010000000000000000479217360238592959831294137984514236450195312500000000000000 0.00010000000000000000479217360238592959831294137984514236450195312500000000000000 0.00010000000000000000479217360238592959831294137984514236450195312500000000000000 0.00010000000000000000479217360238592959831294137984514236450195312500000000000000 4.38816619617623171478726362693123519420623779296875000000000000000000000000000000 0.14204101538503532964341502520255744457244873046875000000000000000000000000000000 1.51025326140222349025066250760573893785476684570312500000000000000000000000000000 0.00010000000000000000479217360238592959831294137984514236450195312500000000000000 3.49211198865572924887601402588188648223876953125000000000000000000000000000000000 
0.00010000000000000000479217360238592959831294137984514236450195312500000000000000 2.45875591772523005573702903348021209239959716796875000000000000000000000000000000 3.94712390852869399182623055821750313043594360351562500000000000000000000000000000 1.64733647718151554606436093308730050921440124511718750000000000000000000000000000 0.00010000000000000000479217360238592959831294137984514236450195312500000000000000 30.83838686127189276930948835797607898712158203125000000000000000000000000000000000 0.00010000000000000000479217360238592959831294137984514236450195312500000000000000 0.00010000000000000000479217360238592959831294137984514236450195312500000000000000 0.00000000000000000000000000000000000000000000000000000000000000000000000000000000 0.36752621216766256928565326234092935919761657714843750000000000000000000000000000 1.82353486304333944900690767099149525165557861328125000000000000000000000000000000 0.00010000000000000000479217360238592959831294137984514236450195312500000000000000 0.00010000000000000000479217360238592959831294137984514236450195312500000000000000 0.00010000000000000000479217360238592959831294137984514236450195312500000000000000 4.50348904733999866323301830561831593513488769531250000000000000000000000000000000 0.44070682137913363973780178639572113752365112304687500000000000000000000000000000 0.65556598184442493870704993241815827786922454833984375000000000000000000000000000 0.00010000000000000000479217360238592959831294137984514236450195312500000000000000 57.17540622443368647509487345814704895019531250000000000000000000000000000000000000 0.00010000000000000000479217360238592959831294137984514236450195312500000000000000 
0.00010000000000000000479217360238592959831294137984514236450195312500000000000000 1.82040870813678057338336202519712969660758972167968750000000000000000000000000000 1.15115480383517509999080630223033949732780456542968750000000000000000000000000000 0.00010000000000000000479217360238592959831294137984514236450195312500000000000000 0.00010000000000000000479217360238592959831294137984514236450195312500000000000000 0.00010000000000000000479217360238592959831294137984514236450195312500000000000000 0.03081383610323872729308547491200442891567945480346679687500000000000000000000000 0.00010000000000000000479217360238592959831294137984514236450195312500000000000000 0.36752621216766256928565326234092935919761657714843750000000000000000000000000000 0.00000000000000000000000000000000000000000000000000000000000000000000000000000000 5.57256831410398945081396959722042083740234375000000000000000000000000000000000000 1.09733692157852602555578869214514270424842834472656250000000000000000000000000000 50.93140758713245475064468337222933769226074218750000000000000000000000000000000000 1.68622261292549469047230559226591140031814575195312500000000000000000000000000000 0.00010000000000000000479217360238592959831294137984514236450195312500000000000000 0.44334545932927360567532559798564761877059936523437500000000000000000000000000000 10.15949862702720984941606729989871382713317871093750000000000000000000000000000000 0.00010000000000000000479217360238592959831294137984514236450195312500000000000000 0.00010000000000000000479217360238592959831294137984514236450195312500000000000000 32.07446536889508337253573699854314327239990234375000000000000000000000000000000000 
0.00010000000000000000479217360238592959831294137984514236450195312500000000000000 0.72607593472615605811881778208771720528602600097656250000000000000000000000000000 0.08463952763455141747872545465725124813616275787353515625000000000000000000000000 0.00010000000000000000479217360238592959831294137984514236450195312500000000000000 0.00010000000000000000479217360238592959831294137984514236450195312500000000000000 2.75926559447386132717383588897064328193664550781250000000000000000000000000000000 0.00010000000000000000479217360238592959831294137984514236450195312500000000000000 0.00010000000000000000479217360238592959831294137984514236450195312500000000000000 1.82353486304333944900690767099149525165557861328125000000000000000000000000000000 5.57256831410398945081396959722042083740234375000000000000000000000000000000000000 0.00000000000000000000000000000000000000000000000000000000000000000000000000000000 0.00010000000000000000479217360238592959831294137984514236450195312500000000000000 11.80450056824534321719966101227328181266784667968750000000000000000000000000000000 6.70455386137640285681982277310453355312347412109375000000000000000000000000000000 4.66358819112524081162973743630573153495788574218750000000000000000000000000000000 1.21029825462553586312708375771762803196907043457031250000000000000000000000000000 0.09284594860380902814345205342760891653597354888916015625000000000000000000000000 0.69991842024708628144935573800466954708099365234375000000000000000000000000000000 0.00010000000000000000479217360238592959831294137984514236450195312500000000000000 1.87490849324000841136239614570513367652893066406250000000000000000000000000000000 
0.00010000000000000000479217360238592959831294137984514236450195312500000000000000 34.85106033112803203266594209708273410797119140625000000000000000000000000000000000 10.23171541011192964276688144309446215629577636718750000000000000000000000000000000 0.00010000000000000000479217360238592959831294137984514236450195312500000000000000 0.00010000000000000000479217360238592959831294137984514236450195312500000000000000 7.91658823232586605911365040810778737068176269531250000000000000000000000000000000 10.79158622146004375963457277975976467132568359375000000000000000000000000000000000 0.00010000000000000000479217360238592959831294137984514236450195312500000000000000 0.00010000000000000000479217360238592959831294137984514236450195312500000000000000 1.09733692157852602555578869214514270424842834472656250000000000000000000000000000 0.00010000000000000000479217360238592959831294137984514236450195312500000000000000 0.00000000000000000000000000000000000000000000000000000000000000000000000000000000 2.05037466994585981794330109551083296537399291992187500000000000000000000000000000 0.00010000000000000000479217360238592959831294137984514236450195312500000000000000 0.00010000000000000000479217360238592959831294137984514236450195312500000000000000 0.00010000000000000000479217360238592959831294137984514236450195312500000000000000 7.57167368983699073936577406129799783229827880859375000000000000000000000000000000 0.00010000000000000000479217360238592959831294137984514236450195312500000000000000 0.00010000000000000000479217360238592959831294137984514236450195312500000000000000 0.41507962235265166706099648763483855873346328735351562500000000000000000000000000 
0.00010000000000000000479217360238592959831294137984514236450195312500000000000000 3.74243182620325276488415511266794055700302124023437500000000000000000000000000000 0.00010000000000000000479217360238592959831294137984514236450195312500000000000000 0.00010000000000000000479217360238592959831294137984514236450195312500000000000000 0.00010000000000000000479217360238592959831294137984514236450195312500000000000000 0.00010000000000000000479217360238592959831294137984514236450195312500000000000000 0.00010000000000000000479217360238592959831294137984514236450195312500000000000000 0.00010000000000000000479217360238592959831294137984514236450195312500000000000000 0.00010000000000000000479217360238592959831294137984514236450195312500000000000000 50.93140758713245475064468337222933769226074218750000000000000000000000000000000000 11.80450056824534321719966101227328181266784667968750000000000000000000000000000000 2.05037466994585981794330109551083296537399291992187500000000000000000000000000000 0.00000000000000000000000000000000000000000000000000000000000000000000000000000000 0.00010000000000000000479217360238592959831294137984514236450195312500000000000000 0.00010000000000000000479217360238592959831294137984514236450195312500000000000000 0.00010000000000000000479217360238592959831294137984514236450195312500000000000000 24.06930837496763331273541552945971488952636718750000000000000000000000000000000000 0.00010000000000000000479217360238592959831294137984514236450195312500000000000000 0.00010000000000000000479217360238592959831294137984514236450195312500000000000000 62.47261354885570483475021319463849067687988281250000000000000000000000000000000000 
0.00010000000000000000479217360238592959831294137984514236450195312500000000000000 0.00010000000000000000479217360238592959831294137984514236450195312500000000000000 0.00010000000000000000479217360238592959831294137984514236450195312500000000000000 0.00010000000000000000479217360238592959831294137984514236450195312500000000000000 1.74872523002301027972293923085089772939682006835937500000000000000000000000000000 0.00010000000000000000479217360238592959831294137984514236450195312500000000000000 0.00010000000000000000479217360238592959831294137984514236450195312500000000000000 0.00010000000000000000479217360238592959831294137984514236450195312500000000000000 0.00010000000000000000479217360238592959831294137984514236450195312500000000000000 1.68622261292549469047230559226591140031814575195312500000000000000000000000000000 6.70455386137640285681982277310453355312347412109375000000000000000000000000000000 0.00010000000000000000479217360238592959831294137984514236450195312500000000000000 0.00010000000000000000479217360238592959831294137984514236450195312500000000000000 0.00000000000000000000000000000000000000000000000000000000000000000000000000000000 0.00010000000000000000479217360238592959831294137984514236450195312500000000000000 7.70656190987029976469102621194906532764434814453125000000000000000000000000000000 0.00010000000000000000479217360238592959831294137984514236450195312500000000000000 0.00010000000000000000479217360238592959831294137984514236450195312500000000000000 11.54654605610119588732231932226568460464477539062500000000000000000000000000000000 1.31375779713859697217515076772542670369148254394531250000000000000000000000000000 
1.01792166911667036899302729580085724592208862304687500000000000000000000000000000 0.00010000000000000000479217360238592959831294137984514236450195312500000000000000 0.00010000000000000000479217360238592959831294137984514236450195312500000000000000 0.00010000000000000000479217360238592959831294137984514236450195312500000000000000 0.00010000000000000000479217360238592959831294137984514236450195312500000000000000 2.36552865058579575574526643322315067052841186523437500000000000000000000000000000 0.00010000000000000000479217360238592959831294137984514236450195312500000000000000 0.00010000000000000000479217360238592959831294137984514236450195312500000000000000 4.50348904733999866323301830561831593513488769531250000000000000000000000000000000 0.00010000000000000000479217360238592959831294137984514236450195312500000000000000 4.66358819112524081162973743630573153495788574218750000000000000000000000000000000 0.00010000000000000000479217360238592959831294137984514236450195312500000000000000 0.00010000000000000000479217360238592959831294137984514236450195312500000000000000 0.00010000000000000000479217360238592959831294137984514236450195312500000000000000 0.00000000000000000000000000000000000000000000000000000000000000000000000000000000 7.50590548483130604040525213349610567092895507812500000000000000000000000000000000 1.25030316636572647048808448744239285588264465332031250000000000000000000000000000 0.00010000000000000000479217360238592959831294137984514236450195312500000000000000 0.00010000000000000000479217360238592959831294137984514236450195312500000000000000 0.00010000000000000000479217360238592959831294137984514236450195312500000000000000 
6.42388690482755286836891173152253031730651855468750000000000000000000000000000000 4.97368676553357680347744462778791785240173339843750000000000000000000000000000000 15.08587731078983296129081281833350658416748046875000000000000000000000000000000000 0.00010000000000000000479217360238592959831294137984514236450195312500000000000000 1.60481626120738596341652737464755773544311523437500000000000000000000000000000000 0.00010000000000000000479217360238592959831294137984514236450195312500000000000000 0.00010000000000000000479217360238592959831294137984514236450195312500000000000000 4.38816619617623171478726362693123519420623779296875000000000000000000000000000000 0.44070682137913363973780178639572113752365112304687500000000000000000000000000000 0.44334545932927360567532559798564761877059936523437500000000000000000000000000000 1.21029825462553586312708375771762803196907043457031250000000000000000000000000000 0.00010000000000000000479217360238592959831294137984514236450195312500000000000000 0.00010000000000000000479217360238592959831294137984514236450195312500000000000000 7.70656190987029976469102621194906532764434814453125000000000000000000000000000000 7.50590548483130604040525213349610567092895507812500000000000000000000000000000000 0.00000000000000000000000000000000000000000000000000000000000000000000000000000000 3.54725940793666971728725911816582083702087402343750000000000000000000000000000000 0.00010000000000000000479217360238592959831294137984514236450195312500000000000000 3.67854008021085254753756998979952186346054077148437500000000000000000000000000000 0.00010000000000000000479217360238592959831294137984514236450195312500000000000000 
16.02677023997873106964107137173414230346679687500000000000000000000000000000000000 0.22432931993066504428036012086522532626986503601074218750000000000000000000000000 3.98116051286191696689797936414834111928939819335937500000000000000000000000000000 0.00010000000000000000479217360238592959831294137984514236450195312500000000000000 0.00010000000000000000479217360238592959831294137984514236450195312500000000000000 0.00010000000000000000479217360238592959831294137984514236450195312500000000000000 0.00010000000000000000479217360238592959831294137984514236450195312500000000000000 0.14204101538503532964341502520255744457244873046875000000000000000000000000000000 0.65556598184442493870704993241815827786922454833984375000000000000000000000000000 10.15949862702720984941606729989871382713317871093750000000000000000000000000000000 0.09284594860380902814345205342760891653597354888916015625000000000000000000000000 7.57167368983699073936577406129799783229827880859375000000000000000000000000000000 24.06930837496763331273541552945971488952636718750000000000000000000000000000000000 0.00010000000000000000479217360238592959831294137984514236450195312500000000000000 1.25030316636572647048808448744239285588264465332031250000000000000000000000000000 3.54725940793666971728725911816582083702087402343750000000000000000000000000000000 0.00000000000000000000000000000000000000000000000000000000000000000000000000000000 0.00010000000000000000479217360238592959831294137984514236450195312500000000000000 0.30079205452662594044710431262501515448093414306640625000000000000000000000000000 0.00010000000000000000479217360238592959831294137984514236450195312500000000000000 
0.00010000000000000000479217360238592959831294137984514236450195312500000000000000 1.23473146729280869315914515027543529868125915527343750000000000000000000000000000 0.00010000000000000000479217360238592959831294137984514236450195312500000000000000 0.00010000000000000000479217360238592959831294137984514236450195312500000000000000 1.43176154155125234801460010203300043940544128417968750000000000000000000000000000 0.00010000000000000000479217360238592959831294137984514236450195312500000000000000 0.00010000000000000000479217360238592959831294137984514236450195312500000000000000 1.51025326140222349025066250760573893785476684570312500000000000000000000000000000 0.00010000000000000000479217360238592959831294137984514236450195312500000000000000 0.00010000000000000000479217360238592959831294137984514236450195312500000000000000 0.69991842024708628144935573800466954708099365234375000000000000000000000000000000 0.00010000000000000000479217360238592959831294137984514236450195312500000000000000 0.00010000000000000000479217360238592959831294137984514236450195312500000000000000 0.00010000000000000000479217360238592959831294137984514236450195312500000000000000 0.00010000000000000000479217360238592959831294137984514236450195312500000000000000 0.00010000000000000000479217360238592959831294137984514236450195312500000000000000 0.00010000000000000000479217360238592959831294137984514236450195312500000000000000 0.00000000000000000000000000000000000000000000000000000000000000000000000000000000 0.00010000000000000000479217360238592959831294137984514236450195312500000000000000 0.00010000000000000000479217360238592959831294137984514236450195312500000000000000 
0.00010000000000000000479217360238592959831294137984514236450195312500000000000000 0.00010000000000000000479217360238592959831294137984514236450195312500000000000000 1.59744854829622573433312027191277593374252319335937500000000000000000000000000000 4.91113185998965384726488991873338818550109863281250000000000000000000000000000000 4.00152159212520164288662272156216204166412353515625000000000000000000000000000000 0.00010000000000000000479217360238592959831294137984514236450195312500000000000000 0.00010000000000000000479217360238592959831294137984514236450195312500000000000000 0.00010000000000000000479217360238592959831294137984514236450195312500000000000000 57.17540622443368647509487345814704895019531250000000000000000000000000000000000000 0.00010000000000000000479217360238592959831294137984514236450195312500000000000000 0.00010000000000000000479217360238592959831294137984514236450195312500000000000000 0.00010000000000000000479217360238592959831294137984514236450195312500000000000000 0.00010000000000000000479217360238592959831294137984514236450195312500000000000000 11.54654605610119588732231932226568460464477539062500000000000000000000000000000000 0.00010000000000000000479217360238592959831294137984514236450195312500000000000000 3.67854008021085254753756998979952186346054077148437500000000000000000000000000000 0.30079205452662594044710431262501515448093414306640625000000000000000000000000000 0.00010000000000000000479217360238592959831294137984514236450195312500000000000000 0.00000000000000000000000000000000000000000000000000000000000000000000000000000000 1.00000000000000000000000000000000000000000000000000000000000000000000000000000000 
10.30882323973862568777803971897810697555541992187500000000000000000000000000000000 0.00010000000000000000479217360238592959831294137984514236450195312500000000000000 0.00010000000000000000479217360238592959831294137984514236450195312500000000000000 0.32566805954697425340427230366913136094808578491210937500000000000000000000000000 0.00010000000000000000479217360238592959831294137984514236450195312500000000000000 0.00010000000000000000479217360238592959831294137984514236450195312500000000000000 1.57102886100883876174805209302576258778572082519531250000000000000000000000000000 3.49211198865572924887601402588188648223876953125000000000000000000000000000000000 0.00010000000000000000479217360238592959831294137984514236450195312500000000000000 32.07446536889508337253573699854314327239990234375000000000000000000000000000000000 1.87490849324000841136239614570513367652893066406250000000000000000000000000000000 0.41507962235265166706099648763483855873346328735351562500000000000000000000000000 62.47261354885570483475021319463849067687988281250000000000000000000000000000000000 1.31375779713859697217515076772542670369148254394531250000000000000000000000000000 0.00010000000000000000479217360238592959831294137984514236450195312500000000000000 0.00010000000000000000479217360238592959831294137984514236450195312500000000000000 0.00010000000000000000479217360238592959831294137984514236450195312500000000000000 0.00010000000000000000479217360238592959831294137984514236450195312500000000000000 1.00000000000000000000000000000000000000000000000000000000000000000000000000000000 0.00000000000000000000000000000000000000000000000000000000000000000000000000000000 
0.05544887130446347900392112251211074180901050567626953125000000000000000000000000 0.04846170845947701810718655224263784475624561309814453125000000000000000000000000 0.07747263841428463082561250985236256383359432220458984375000000000000000000000000 0.05270872958058298723971191179771267343312501907348632812500000000000000000000000 0.03181395887733364652438794450972636695951223373413085937500000000000000000000000 0.04219100446787294594885864285060961265116930007934570312500000000000000000000000 0.04960227077677965140667382115680084098130464553833007812500000000000000000000000 0.07429372045770045451806851133369491435587406158447265625000000000000000000000000 0.02050769306690637325263359969085286138579249382019042968750000000000000000000000 0.08948138580338961534099695427357801236212253570556640625000000000000000000000000 0.07678905913072966993304646621254505589604377746582031250000000000000000000000000 0.06324063604316104703073619930364657193422317504882812500000000000000000000000000 0.01444099478832532208738559376115517807193100452423095703125000000000000000000000 0.03966258214985338148572679983772104606032371520996093750000000000000000000000000 0.03532309593643862682954548404268280137330293655395507812500000000000000000000000 0.07439027268494574629542626098555047065019607543945312500000000000000000000000000 0.05745715763116618357564391317282570526003837585449218750000000000000000000000000 0.01945098257983262149406478158653044374659657478332519531250000000000000000000000 0.03413550354132115910443800999019003938883543014526367187500000000000000000000000 0.04312773430543551805849133984338550362735986709594726562500000000000000000000000 
