0.00000000000000000000000000000000000000000000000000000000000000000000000000000000 0.00010000000000000000479217360238592959831294137984514236450195312500000000000000 0.93321508784726603380477172322571277618408203125000000000000000000000000000000000 0.00010000000000000000479217360238592959831294137984514236450195312500000000000000 0.00010000000000000000479217360238592959831294137984514236450195312500000000000000 0.00010000000000000000479217360238592959831294137984514236450195312500000000000000 0.90860876721073935424755063650081865489482879638671875000000000000000000000000000 0.65234381236954519511783701091189868748188018798828125000000000000000000000000000 0.00010000000000000000479217360238592959831294137984514236450195312500000000000000 0.00010000000000000000479217360238592959831294137984514236450195312500000000000000 0.00010000000000000000479217360238592959831294137984514236450195312500000000000000 0.00010000000000000000479217360238592959831294137984514236450195312500000000000000 0.00010000000000000000479217360238592959831294137984514236450195312500000000000000 0.00010000000000000000479217360238592959831294137984514236450195312500000000000000 0.00010000000000000000479217360238592959831294137984514236450195312500000000000000 1.84452463188435156205002840579254552721977233886718750000000000000000000000000000 19.36143905992085123557444603648036718368530273437500000000000000000000000000000000 0.00010000000000000000479217360238592959831294137984514236450195312500000000000000 0.00010000000000000000479217360238592959831294137984514236450195312500000000000000 18.08305279620673644558337400667369365692138671875000000000000000000000000000000000 
0.00010000000000000000479217360238592959831294137984514236450195312500000000000000 0.00000000000000000000000000000000000000000000000000000000000000000000000000000000 0.00010000000000000000479217360238592959831294137984514236450195312500000000000000 0.00010000000000000000479217360238592959831294137984514236450195312500000000000000 4.30332849627325586538972856942564249038696289062500000000000000000000000000000000 10.25821713315412964107053994666785001754760742187500000000000000000000000000000000 0.00010000000000000000479217360238592959831294137984514236450195312500000000000000 3.53667437488346347862488983082585036754608154296875000000000000000000000000000000 5.02478245513634202978892062674276530742645263671875000000000000000000000000000000 0.00010000000000000000479217360238592959831294137984514236450195312500000000000000 0.00010000000000000000479217360238592959831294137984514236450195312500000000000000 23.02203976808418417476786999031901359558105468750000000000000000000000000000000000 2.09500940329071871914834446215536445379257202148437500000000000000000000000000000 0.00010000000000000000479217360238592959831294137984514236450195312500000000000000 0.00010000000000000000479217360238592959831294137984514236450195312500000000000000 2.48713650367430672005752967379521578550338745117187500000000000000000000000000000 0.00010000000000000000479217360238592959831294137984514236450195312500000000000000 5.71147712115544958777491046930663287639617919921875000000000000000000000000000000 0.00010000000000000000479217360238592959831294137984514236450195312500000000000000 0.00010000000000000000479217360238592959831294137984514236450195312500000000000000 
0.93321508784726603380477172322571277618408203125000000000000000000000000000000000 0.00010000000000000000479217360238592959831294137984514236450195312500000000000000 0.00000000000000000000000000000000000000000000000000000000000000000000000000000000 11.82426867847238405317966680740937590599060058593750000000000000000000000000000000 0.00010000000000000000479217360238592959831294137984514236450195312500000000000000 0.00010000000000000000479217360238592959831294137984514236450195312500000000000000 0.00010000000000000000479217360238592959831294137984514236450195312500000000000000 0.00010000000000000000479217360238592959831294137984514236450195312500000000000000 19.97738612864421625658906123135238885879516601562500000000000000000000000000000000 0.00010000000000000000479217360238592959831294137984514236450195312500000000000000 0.00010000000000000000479217360238592959831294137984514236450195312500000000000000 6.54047039248929884536210010992363095283508300781250000000000000000000000000000000 0.00010000000000000000479217360238592959831294137984514236450195312500000000000000 0.00010000000000000000479217360238592959831294137984514236450195312500000000000000 0.00010000000000000000479217360238592959831294137984514236450195312500000000000000 16.14811887993810657349058601539582014083862304687500000000000000000000000000000000 1.18744173450785450718569791206391528248786926269531250000000000000000000000000000 0.00010000000000000000479217360238592959831294137984514236450195312500000000000000 0.00010000000000000000479217360238592959831294137984514236450195312500000000000000 0.00010000000000000000479217360238592959831294137984514236450195312500000000000000 
0.00010000000000000000479217360238592959831294137984514236450195312500000000000000 0.00010000000000000000479217360238592959831294137984514236450195312500000000000000 11.82426867847238405317966680740937590599060058593750000000000000000000000000000000 0.00000000000000000000000000000000000000000000000000000000000000000000000000000000 0.00010000000000000000479217360238592959831294137984514236450195312500000000000000 0.00010000000000000000479217360238592959831294137984514236450195312500000000000000 14.72872149918033812809881055727601051330566406250000000000000000000000000000000000 3.52877190461044598634998692432418465614318847656250000000000000000000000000000000 0.00010000000000000000479217360238592959831294137984514236450195312500000000000000 0.00010000000000000000479217360238592959831294137984514236450195312500000000000000 0.00010000000000000000479217360238592959831294137984514236450195312500000000000000 0.00010000000000000000479217360238592959831294137984514236450195312500000000000000 0.00010000000000000000479217360238592959831294137984514236450195312500000000000000 0.00010000000000000000479217360238592959831294137984514236450195312500000000000000 0.00010000000000000000479217360238592959831294137984514236450195312500000000000000 0.78975704200040730551535261838580481708049774169921875000000000000000000000000000 0.00010000000000000000479217360238592959831294137984514236450195312500000000000000 0.00010000000000000000479217360238592959831294137984514236450195312500000000000000 4.07317048506600798418730846606194972991943359375000000000000000000000000000000000 1.31751243682224905562350159016204997897148132324218750000000000000000000000000000 
0.00010000000000000000479217360238592959831294137984514236450195312500000000000000 4.30332849627325586538972856942564249038696289062500000000000000000000000000000000 0.00010000000000000000479217360238592959831294137984514236450195312500000000000000 0.00010000000000000000479217360238592959831294137984514236450195312500000000000000 0.00000000000000000000000000000000000000000000000000000000000000000000000000000000 0.00010000000000000000479217360238592959831294137984514236450195312500000000000000 0.00010000000000000000479217360238592959831294137984514236450195312500000000000000 0.00010000000000000000479217360238592959831294137984514236450195312500000000000000 0.00010000000000000000479217360238592959831294137984514236450195312500000000000000 0.00010000000000000000479217360238592959831294137984514236450195312500000000000000 0.00010000000000000000479217360238592959831294137984514236450195312500000000000000 0.00010000000000000000479217360238592959831294137984514236450195312500000000000000 0.00010000000000000000479217360238592959831294137984514236450195312500000000000000 13.70143106869545768233820126624777913093566894531250000000000000000000000000000000 0.00010000000000000000479217360238592959831294137984514236450195312500000000000000 0.00010000000000000000479217360238592959831294137984514236450195312500000000000000 0.00010000000000000000479217360238592959831294137984514236450195312500000000000000 0.00010000000000000000479217360238592959831294137984514236450195312500000000000000 10.32233885553563901282814185833558440208435058593750000000000000000000000000000000 0.00010000000000000000479217360238592959831294137984514236450195312500000000000000 
0.00010000000000000000479217360238592959831294137984514236450195312500000000000000 10.25821713315412964107053994666785001754760742187500000000000000000000000000000000 0.00010000000000000000479217360238592959831294137984514236450195312500000000000000 0.00010000000000000000479217360238592959831294137984514236450195312500000000000000 0.00010000000000000000479217360238592959831294137984514236450195312500000000000000 0.00000000000000000000000000000000000000000000000000000000000000000000000000000000 0.00010000000000000000479217360238592959831294137984514236450195312500000000000000 0.00010000000000000000479217360238592959831294137984514236450195312500000000000000 13.52381116327329557691427908139303326606750488281250000000000000000000000000000000 0.00010000000000000000479217360238592959831294137984514236450195312500000000000000 0.00010000000000000000479217360238592959831294137984514236450195312500000000000000 10.63778444760693275839003035798668861389160156250000000000000000000000000000000000 0.00010000000000000000479217360238592959831294137984514236450195312500000000000000 0.00010000000000000000479217360238592959831294137984514236450195312500000000000000 0.00010000000000000000479217360238592959831294137984514236450195312500000000000000 0.00010000000000000000479217360238592959831294137984514236450195312500000000000000 0.00010000000000000000479217360238592959831294137984514236450195312500000000000000 0.00010000000000000000479217360238592959831294137984514236450195312500000000000000 0.00010000000000000000479217360238592959831294137984514236450195312500000000000000 0.00010000000000000000479217360238592959831294137984514236450195312500000000000000 
0.90860876721073935424755063650081865489482879638671875000000000000000000000000000 0.00010000000000000000479217360238592959831294137984514236450195312500000000000000 0.00010000000000000000479217360238592959831294137984514236450195312500000000000000 14.72872149918033812809881055727601051330566406250000000000000000000000000000000000 0.00010000000000000000479217360238592959831294137984514236450195312500000000000000 0.00010000000000000000479217360238592959831294137984514236450195312500000000000000 0.00000000000000000000000000000000000000000000000000000000000000000000000000000000 5.10494174054131377715748385526239871978759765625000000000000000000000000000000000 0.00010000000000000000479217360238592959831294137984514236450195312500000000000000 0.00010000000000000000479217360238592959831294137984514236450195312500000000000000 0.00010000000000000000479217360238592959831294137984514236450195312500000000000000 8.26896491504690622775797237409278750419616699218750000000000000000000000000000000 0.00010000000000000000479217360238592959831294137984514236450195312500000000000000 0.00010000000000000000479217360238592959831294137984514236450195312500000000000000 0.00010000000000000000479217360238592959831294137984514236450195312500000000000000 0.00010000000000000000479217360238592959831294137984514236450195312500000000000000 0.00010000000000000000479217360238592959831294137984514236450195312500000000000000 0.00010000000000000000479217360238592959831294137984514236450195312500000000000000 0.00010000000000000000479217360238592959831294137984514236450195312500000000000000 0.95272328347398871351003890595166012644767761230468750000000000000000000000000000 
0.65234381236954519511783701091189868748188018798828125000000000000000000000000000 3.53667437488346347862488983082585036754608154296875000000000000000000000000000000 0.00010000000000000000479217360238592959831294137984514236450195312500000000000000 3.52877190461044598634998692432418465614318847656250000000000000000000000000000000 0.00010000000000000000479217360238592959831294137984514236450195312500000000000000 0.00010000000000000000479217360238592959831294137984514236450195312500000000000000 5.10494174054131377715748385526239871978759765625000000000000000000000000000000000 0.00000000000000000000000000000000000000000000000000000000000000000000000000000000 0.00010000000000000000479217360238592959831294137984514236450195312500000000000000 0.00010000000000000000479217360238592959831294137984514236450195312500000000000000 0.00010000000000000000479217360238592959831294137984514236450195312500000000000000 0.44783225576099372489125016727484762668609619140625000000000000000000000000000000 0.00010000000000000000479217360238592959831294137984514236450195312500000000000000 0.00010000000000000000479217360238592959831294137984514236450195312500000000000000 0.00010000000000000000479217360238592959831294137984514236450195312500000000000000 4.32688853242302329249469039496034383773803710937500000000000000000000000000000000 0.00010000000000000000479217360238592959831294137984514236450195312500000000000000 0.99147023612799245473325981947709806263446807861328125000000000000000000000000000 0.00010000000000000000479217360238592959831294137984514236450195312500000000000000 1.02794814925176836162279414566000923514366149902343750000000000000000000000000000 
0.00010000000000000000479217360238592959831294137984514236450195312500000000000000 5.02478245513634202978892062674276530742645263671875000000000000000000000000000000 19.97738612864421625658906123135238885879516601562500000000000000000000000000000000 0.00010000000000000000479217360238592959831294137984514236450195312500000000000000 0.00010000000000000000479217360238592959831294137984514236450195312500000000000000 13.52381116327329557691427908139303326606750488281250000000000000000000000000000000 0.00010000000000000000479217360238592959831294137984514236450195312500000000000000 0.00010000000000000000479217360238592959831294137984514236450195312500000000000000 0.00000000000000000000000000000000000000000000000000000000000000000000000000000000 0.00010000000000000000479217360238592959831294137984514236450195312500000000000000 1.13151721127103632724697490630205720663070678710937500000000000000000000000000000 0.00010000000000000000479217360238592959831294137984514236450195312500000000000000 0.00010000000000000000479217360238592959831294137984514236450195312500000000000000 0.00010000000000000000479217360238592959831294137984514236450195312500000000000000 0.00010000000000000000479217360238592959831294137984514236450195312500000000000000 0.00010000000000000000479217360238592959831294137984514236450195312500000000000000 0.00010000000000000000479217360238592959831294137984514236450195312500000000000000 0.00010000000000000000479217360238592959831294137984514236450195312500000000000000 105.41607808451246341974183451384305953979492187500000000000000000000000000000000000 0.00010000000000000000479217360238592959831294137984514236450195312500000000000000 
0.00010000000000000000479217360238592959831294137984514236450195312500000000000000 0.00010000000000000000479217360238592959831294137984514236450195312500000000000000 0.00010000000000000000479217360238592959831294137984514236450195312500000000000000 0.00010000000000000000479217360238592959831294137984514236450195312500000000000000 0.00010000000000000000479217360238592959831294137984514236450195312500000000000000 0.00010000000000000000479217360238592959831294137984514236450195312500000000000000 0.00010000000000000000479217360238592959831294137984514236450195312500000000000000 0.00010000000000000000479217360238592959831294137984514236450195312500000000000000 0.00010000000000000000479217360238592959831294137984514236450195312500000000000000 0.00000000000000000000000000000000000000000000000000000000000000000000000000000000 2.66481805960159157109501393279060721397399902343750000000000000000000000000000000 0.00010000000000000000479217360238592959831294137984514236450195312500000000000000 27.45153597347316676291484327521175146102905273437500000000000000000000000000000000 1.66405501244609377309302544745150953531265258789062500000000000000000000000000000 0.00010000000000000000479217360238592959831294137984514236450195312500000000000000 0.00010000000000000000479217360238592959831294137984514236450195312500000000000000 24.76306473947171227223407186102122068405151367187500000000000000000000000000000000 0.00010000000000000000479217360238592959831294137984514236450195312500000000000000 0.00010000000000000000479217360238592959831294137984514236450195312500000000000000 27.25871670749765485197713132947683334350585937500000000000000000000000000000000000 
0.00010000000000000000479217360238592959831294137984514236450195312500000000000000 0.00010000000000000000479217360238592959831294137984514236450195312500000000000000 0.00010000000000000000479217360238592959831294137984514236450195312500000000000000 0.00010000000000000000479217360238592959831294137984514236450195312500000000000000 0.00010000000000000000479217360238592959831294137984514236450195312500000000000000 0.00010000000000000000479217360238592959831294137984514236450195312500000000000000 0.00010000000000000000479217360238592959831294137984514236450195312500000000000000 0.00010000000000000000479217360238592959831294137984514236450195312500000000000000 1.13151721127103632724697490630205720663070678710937500000000000000000000000000000 2.66481805960159157109501393279060721397399902343750000000000000000000000000000000 0.00000000000000000000000000000000000000000000000000000000000000000000000000000000 0.00010000000000000000479217360238592959831294137984514236450195312500000000000000 6.37348897231741684521466595469973981380462646484375000000000000000000000000000000 13.73659762240493442675415280973538756370544433593750000000000000000000000000000000 3.16682338749722891435567362350411713123321533203125000000000000000000000000000000 1.67938852042951669574222250957973301410675048828125000000000000000000000000000000 0.39859724480268088342427290626801550388336181640625000000000000000000000000000000 0.00010000000000000000479217360238592959831294137984514236450195312500000000000000 0.00010000000000000000479217360238592959831294137984514236450195312500000000000000 1.00467203938700522236615597648778930306434631347656250000000000000000000000000000 
0.00010000000000000000479217360238592959831294137984514236450195312500000000000000 23.02203976808418417476786999031901359558105468750000000000000000000000000000000000 6.54047039248929884536210010992363095283508300781250000000000000000000000000000000 0.00010000000000000000479217360238592959831294137984514236450195312500000000000000 0.00010000000000000000479217360238592959831294137984514236450195312500000000000000 10.63778444760693275839003035798668861389160156250000000000000000000000000000000000 8.26896491504690622775797237409278750419616699218750000000000000000000000000000000 0.44783225576099372489125016727484762668609619140625000000000000000000000000000000 0.00010000000000000000479217360238592959831294137984514236450195312500000000000000 0.00010000000000000000479217360238592959831294137984514236450195312500000000000000 0.00010000000000000000479217360238592959831294137984514236450195312500000000000000 0.00000000000000000000000000000000000000000000000000000000000000000000000000000000 1.08429908050370094052539116091793403029441833496093750000000000000000000000000000 0.00010000000000000000479217360238592959831294137984514236450195312500000000000000 0.00010000000000000000479217360238592959831294137984514236450195312500000000000000 0.00010000000000000000479217360238592959831294137984514236450195312500000000000000 0.62356228162490368038817223350633867084980010986328125000000000000000000000000000 0.00010000000000000000479217360238592959831294137984514236450195312500000000000000 0.00010000000000000000479217360238592959831294137984514236450195312500000000000000 0.00010000000000000000479217360238592959831294137984514236450195312500000000000000 
0.00010000000000000000479217360238592959831294137984514236450195312500000000000000 2.09500940329071871914834446215536445379257202148437500000000000000000000000000000 0.00010000000000000000479217360238592959831294137984514236450195312500000000000000 0.00010000000000000000479217360238592959831294137984514236450195312500000000000000 0.00010000000000000000479217360238592959831294137984514236450195312500000000000000 0.00010000000000000000479217360238592959831294137984514236450195312500000000000000 0.00010000000000000000479217360238592959831294137984514236450195312500000000000000 0.00010000000000000000479217360238592959831294137984514236450195312500000000000000 0.00010000000000000000479217360238592959831294137984514236450195312500000000000000 27.45153597347316676291484327521175146102905273437500000000000000000000000000000000 6.37348897231741684521466595469973981380462646484375000000000000000000000000000000 1.08429908050370094052539116091793403029441833496093750000000000000000000000000000 0.00000000000000000000000000000000000000000000000000000000000000000000000000000000 0.00010000000000000000479217360238592959831294137984514236450195312500000000000000 0.00010000000000000000479217360238592959831294137984514236450195312500000000000000 0.00010000000000000000479217360238592959831294137984514236450195312500000000000000 14.98692809195678066203072376083582639694213867187500000000000000000000000000000000 0.00010000000000000000479217360238592959831294137984514236450195312500000000000000 0.00010000000000000000479217360238592959831294137984514236450195312500000000000000 13.07318262675373254921851184917613863945007324218750000000000000000000000000000000 
0.00010000000000000000479217360238592959831294137984514236450195312500000000000000 0.00010000000000000000479217360238592959831294137984514236450195312500000000000000 0.00010000000000000000479217360238592959831294137984514236450195312500000000000000 0.00010000000000000000479217360238592959831294137984514236450195312500000000000000 13.70143106869545768233820126624777913093566894531250000000000000000000000000000000 0.00010000000000000000479217360238592959831294137984514236450195312500000000000000 0.00010000000000000000479217360238592959831294137984514236450195312500000000000000 0.00010000000000000000479217360238592959831294137984514236450195312500000000000000 0.00010000000000000000479217360238592959831294137984514236450195312500000000000000 1.66405501244609377309302544745150953531265258789062500000000000000000000000000000 13.73659762240493442675415280973538756370544433593750000000000000000000000000000000 0.00010000000000000000479217360238592959831294137984514236450195312500000000000000 0.00010000000000000000479217360238592959831294137984514236450195312500000000000000 0.00000000000000000000000000000000000000000000000000000000000000000000000000000000 0.00010000000000000000479217360238592959831294137984514236450195312500000000000000 6.65683770481985970235427885199896991252899169921875000000000000000000000000000000 0.00010000000000000000479217360238592959831294137984514236450195312500000000000000 0.00010000000000000000479217360238592959831294137984514236450195312500000000000000 0.00010000000000000000479217360238592959831294137984514236450195312500000000000000 1.05576545526572984634583463048329576849937438964843750000000000000000000000000000 
0.00010000000000000000479217360238592959831294137984514236450195312500000000000000 0.00010000000000000000479217360238592959831294137984514236450195312500000000000000 0.00010000000000000000479217360238592959831294137984514236450195312500000000000000 0.00010000000000000000479217360238592959831294137984514236450195312500000000000000 0.00010000000000000000479217360238592959831294137984514236450195312500000000000000 0.00010000000000000000479217360238592959831294137984514236450195312500000000000000 0.00010000000000000000479217360238592959831294137984514236450195312500000000000000 0.00010000000000000000479217360238592959831294137984514236450195312500000000000000 0.00010000000000000000479217360238592959831294137984514236450195312500000000000000 0.00010000000000000000479217360238592959831294137984514236450195312500000000000000 3.16682338749722891435567362350411713123321533203125000000000000000000000000000000 0.00010000000000000000479217360238592959831294137984514236450195312500000000000000 0.00010000000000000000479217360238592959831294137984514236450195312500000000000000 0.00010000000000000000479217360238592959831294137984514236450195312500000000000000 0.00000000000000000000000000000000000000000000000000000000000000000000000000000000 13.81999965623150572469057806301862001419067382812500000000000000000000000000000000 1.77641777813791423845657391211716458201408386230468750000000000000000000000000000 0.00010000000000000000479217360238592959831294137984514236450195312500000000000000 0.00010000000000000000479217360238592959831294137984514236450195312500000000000000 0.00010000000000000000479217360238592959831294137984514236450195312500000000000000 
1.84452463188435156205002840579254552721977233886718750000000000000000000000000000 2.48713650367430672005752967379521578550338745117187500000000000000000000000000000 16.14811887993810657349058601539582014083862304687500000000000000000000000000000000 0.78975704200040730551535261838580481708049774169921875000000000000000000000000000 0.00010000000000000000479217360238592959831294137984514236450195312500000000000000 0.00010000000000000000479217360238592959831294137984514236450195312500000000000000 0.00010000000000000000479217360238592959831294137984514236450195312500000000000000 4.32688853242302329249469039496034383773803710937500000000000000000000000000000000 0.00010000000000000000479217360238592959831294137984514236450195312500000000000000 0.00010000000000000000479217360238592959831294137984514236450195312500000000000000 1.67938852042951669574222250957973301410675048828125000000000000000000000000000000 0.00010000000000000000479217360238592959831294137984514236450195312500000000000000 0.00010000000000000000479217360238592959831294137984514236450195312500000000000000 6.65683770481985970235427885199896991252899169921875000000000000000000000000000000 13.81999965623150572469057806301862001419067382812500000000000000000000000000000000 0.00000000000000000000000000000000000000000000000000000000000000000000000000000000 4.74456140192067010730170295573770999908447265625000000000000000000000000000000000 0.00010000000000000000479217360238592959831294137984514236450195312500000000000000 1.50200318856308223658402312139514833688735961914062500000000000000000000000000000 0.00010000000000000000479217360238592959831294137984514236450195312500000000000000 
19.36143905992085123557444603648036718368530273437500000000000000000000000000000000 0.00010000000000000000479217360238592959831294137984514236450195312500000000000000 1.18744173450785450718569791206391528248786926269531250000000000000000000000000000 0.00010000000000000000479217360238592959831294137984514236450195312500000000000000 0.00010000000000000000479217360238592959831294137984514236450195312500000000000000 0.00010000000000000000479217360238592959831294137984514236450195312500000000000000 0.00010000000000000000479217360238592959831294137984514236450195312500000000000000 0.00010000000000000000479217360238592959831294137984514236450195312500000000000000 0.00010000000000000000479217360238592959831294137984514236450195312500000000000000 24.76306473947171227223407186102122068405151367187500000000000000000000000000000000 0.39859724480268088342427290626801550388336181640625000000000000000000000000000000 0.62356228162490368038817223350633867084980010986328125000000000000000000000000000 14.98692809195678066203072376083582639694213867187500000000000000000000000000000000 0.00010000000000000000479217360238592959831294137984514236450195312500000000000000 1.77641777813791423845657391211716458201408386230468750000000000000000000000000000 4.74456140192067010730170295573770999908447265625000000000000000000000000000000000 0.00000000000000000000000000000000000000000000000000000000000000000000000000000000 0.00010000000000000000479217360238592959831294137984514236450195312500000000000000 0.00010000000000000000479217360238592959831294137984514236450195312500000000000000 0.33329554677112144256412307186110410839319229125976562500000000000000000000000000 
0.00010000000000000000479217360238592959831294137984514236450195312500000000000000 5.71147712115544958777491046930663287639617919921875000000000000000000000000000000 0.00010000000000000000479217360238592959831294137984514236450195312500000000000000 0.00010000000000000000479217360238592959831294137984514236450195312500000000000000 0.00010000000000000000479217360238592959831294137984514236450195312500000000000000 0.00010000000000000000479217360238592959831294137984514236450195312500000000000000 0.00010000000000000000479217360238592959831294137984514236450195312500000000000000 0.99147023612799245473325981947709806263446807861328125000000000000000000000000000 0.00010000000000000000479217360238592959831294137984514236450195312500000000000000 0.00010000000000000000479217360238592959831294137984514236450195312500000000000000 0.00010000000000000000479217360238592959831294137984514236450195312500000000000000 0.00010000000000000000479217360238592959831294137984514236450195312500000000000000 0.00010000000000000000479217360238592959831294137984514236450195312500000000000000 0.00010000000000000000479217360238592959831294137984514236450195312500000000000000 0.00010000000000000000479217360238592959831294137984514236450195312500000000000000 0.00010000000000000000479217360238592959831294137984514236450195312500000000000000 0.00010000000000000000479217360238592959831294137984514236450195312500000000000000 0.00000000000000000000000000000000000000000000000000000000000000000000000000000000 0.00010000000000000000479217360238592959831294137984514236450195312500000000000000 0.00010000000000000000479217360238592959831294137984514236450195312500000000000000 
0.00010000000000000000479217360238592959831294137984514236450195312500000000000000 0.00010000000000000000479217360238592959831294137984514236450195312500000000000000 0.00010000000000000000479217360238592959831294137984514236450195312500000000000000 4.07317048506600798418730846606194972991943359375000000000000000000000000000000000 10.32233885553563901282814185833558440208435058593750000000000000000000000000000000 0.00010000000000000000479217360238592959831294137984514236450195312500000000000000 0.00010000000000000000479217360238592959831294137984514236450195312500000000000000 0.00010000000000000000479217360238592959831294137984514236450195312500000000000000 105.41607808451246341974183451384305953979492187500000000000000000000000000000000000 0.00010000000000000000479217360238592959831294137984514236450195312500000000000000 0.00010000000000000000479217360238592959831294137984514236450195312500000000000000 0.00010000000000000000479217360238592959831294137984514236450195312500000000000000 0.00010000000000000000479217360238592959831294137984514236450195312500000000000000 0.00010000000000000000479217360238592959831294137984514236450195312500000000000000 0.00010000000000000000479217360238592959831294137984514236450195312500000000000000 1.50200318856308223658402312139514833688735961914062500000000000000000000000000000 0.00010000000000000000479217360238592959831294137984514236450195312500000000000000 0.00010000000000000000479217360238592959831294137984514236450195312500000000000000 0.00000000000000000000000000000000000000000000000000000000000000000000000000000000 1.00000000000000000000000000000000000000000000000000000000000000000000000000000000 
18.08305279620673644558337400667369365692138671875000000000000000000000000000000000 0.00010000000000000000479217360238592959831294137984514236450195312500000000000000 0.00010000000000000000479217360238592959831294137984514236450195312500000000000000 1.31751243682224905562350159016204997897148132324218750000000000000000000000000000 0.00010000000000000000479217360238592959831294137984514236450195312500000000000000 0.00010000000000000000479217360238592959831294137984514236450195312500000000000000 0.95272328347398871351003890595166012644767761230468750000000000000000000000000000 1.02794814925176836162279414566000923514366149902343750000000000000000000000000000 0.00010000000000000000479217360238592959831294137984514236450195312500000000000000 27.25871670749765485197713132947683334350585937500000000000000000000000000000000000 1.00467203938700522236615597648778930306434631347656250000000000000000000000000000 0.00010000000000000000479217360238592959831294137984514236450195312500000000000000 13.07318262675373254921851184917613863945007324218750000000000000000000000000000000 1.05576545526572984634583463048329576849937438964843750000000000000000000000000000 0.00010000000000000000479217360238592959831294137984514236450195312500000000000000 0.00010000000000000000479217360238592959831294137984514236450195312500000000000000 0.33329554677112144256412307186110410839319229125976562500000000000000000000000000 0.00010000000000000000479217360238592959831294137984514236450195312500000000000000 1.00000000000000000000000000000000000000000000000000000000000000000000000000000000 0.00000000000000000000000000000000000000000000000000000000000000000000000000000000 
0.08312707053017673319850189272983698174357414245605468750000000000000000000000000 0.06363009083095598483748034368545631878077983856201171875000000000000000000000000 0.02999721575479271512554291234664560761302709579467773437500000000000000000000000 0.04550021587988199028851354910329973790794610977172851562500000000000000000000000 0.01845026490680847994219071495081152534112334251403808593750000000000000000000000 0.02250557857825947333241245473800518084317445755004882812500000000000000000000000 0.06347433450486834882742215313555789180099964141845703125000000000000000000000000 0.08965027459113961150194427318638190627098083496093750000000000000000000000000000 0.02239662985275782045024861588444764493033289909362792968750000000000000000000000 0.05050540103218830595421806606282189022749662399291992187500000000000000000000000 0.09150724509024582564720162736193742603063583374023437500000000000000000000000000 0.05487949060418121499660415452126471791416406631469726562500000000000000000000000 0.03684323085427904792554798518722236622124910354614257812500000000000000000000000 0.02804178788893686019578765922233287710696458816528320312500000000000000000000000 0.04119068851559377214543999912166327703744173049926757812500000000000000000000000 0.06143578279659273749802039787937246728688478469848632812500000000000000000000000 0.06627875540204096471708083981866366229951381683349609375000000000000000000000000 0.02721297054752787325515583916057948954403400421142578125000000000000000000000000 0.02550449312614243985164463879300456028431653976440429687500000000000000000000000 0.07786847871262954356996743854324449785053730010986328125000000000000000000000000 
